4630.3
6450.75
6643.08
6794.67
6880.16
7135.93
6968.87
7292.49
7134.34
7332.46
7199.55
7426.15
7310.31
7431.46
7326.36
7486.42
7369.13
7501.73
7417.67
7518.11
7405.96
7497.54
7464.51
7498.63
7420.9
7454.91
7461.72
7460.54
7423.42
7431.62
7455.19
7418.84
7400.71
7391.07
7424.85
7373.54
7383.66
7345.28
7383.66
7318.73
7350.83
7290.74
7341.32
7270.14
7315.91
7244.13
7309.71
7234.33
7291.42
7223.78
7291.09
7218.14
7273.17
7210.62
7272.33
7214.2
7261.95
7203.58
7261.19
7195.63
7254.81
7192.05
7241.2
7177.39
7236.33
7179.22
7231.27
7168.28
7216.15
7160.84
7214.31
7155.24
7205.69
7147.67
7198.86
7146.43
7188.23
7137.81
7183.63
7138.27
7173.31
7127.36
7167.5
7125.98
7165.27
7121.33
7160.13
7115.78
7160.36
7118.38
7161.25
7112.99
7157.76
7118.05
7160.13
7116.62
7158.78
7123.51
7165.19
7125.89
7171.23
7140.94
7175.66
7154.07
7198.19
7179.25
7206.83
7190.25
7236.07
7218.95
7239.01
7223.85
7262.77
7241.61
7257.3
7236.23
7266.73
7243.04
7255.7
7230.33
7263.14
7236.76
7248.82
7226.79
7256.81
7232.7
7241.94
7222
7249.65
7225.64
7232.52
7214.68
7245.26
7233.27
7245.94
7235.14
7261.34
7250.33
7258.23
7257.63
7278.56
7269.47
7283.35
7280.48
7296.61
7297.84
7298.82
7295.91
7315.22
7302.28
7299.94
7291.89
7307.6
7299.75
7292.91
7289.56
7296.66
7291.79
7292
7288.58
7295.34
7292.73
7292.85
7291.71
7302.53
7304.64
7308.4
7313.65
7328.35
7334.73
7337.66
7346.75
7352.05
7360.88
7358.84
7361.24
7369.04
7370.11
7377.92
7375.67
7390.56
7390.98
7393.42
7391.16
7403.59
7398.42
7401.46
7391.05
7398.31
7383.93
7394.68
7381.55
7393.83
7384.62
7398.69
7388.68
7406.63
7402.37
7418.01
7409.84
7424.16
7417.92
7438.68
7439.73
7452.02
7448.3
7472.57
7470.82
7484.32
7480.94
7507.83
7504.2
7516.89
7518.05
7529.01
7536.76
7546.79
7547.81
7556.83
7569.78
7576.24
7580.84
7587.35
7599.83
7593.21
7601.04
7611.01
7609.72
7613.43
7598.69
7602.75
7591.81
7591.4
7578.37
7577.25
7566.63
7565.21
7558.26
7563.34
7546.37
7558.12
7557.51
7556.03
7555.37
7558.28
7563.51
7565.94
7571.58
7567.93
7575.11
7572.51
7565.29
7556.67
7537.73
7501.39
7439.39
7410.79
7390.16
7390.18
7373.01
7323.27
7208.81
7222.16
7239.63
7286.92
7317.01
7320.45
7328.7
7329.53
7356.63
7388.49
7435.43
7446.82
7487.14
7471.15
7432.89
7423.35
7477.11
7487.8
7496.13
7479.32
7483.95
7511.2
7533.9
7590.27
7636.72
7636.73
7672.77
7681.41
7684.54
7698.33
7704.2
7696.99
7706.04
7705
7687
7683.05
7707.16
7724.76
7771.79
7810.59
7812.9
7849.18
7857.79
7881.51
7883.93
7876.19
7859.97
7850.45
7867.21
7888.98
7921.8
7952.7
7964.96
7977.31
7982.69
7978.66
7976.36
7980.84
7990.42
7989.91
8006.86
7993.01
7984.61
7976.83
7992.27
7999.23
8015.02
8060.76
8067.44
8074.73
8076.61
8083.33
8102.71
8121.4
8121.67
8119.39
8124.87
8137.41
8143.75
8142.07
8135.65
8136.91
8124.34
8119.24
8106.13
8087.95
8096.35
8094.58
8112.55
8128.36
8137.83
8142.21
8152.8
8144.51
8135.44
8127.78
8127.74
8129.87
8136.15
8133.45
8135.13
8127.84
8115.47
8122
8111.99
8107.79
8116.62
8111.08
8059.76
8047.6
8042.82
8030.56
8029.02
8020.64
8013.88
8005.45
7995.32
8000.08
7995.17
7924.41
7919.32
7916.41
7928.4
7949.68
7985.57
8009.44
8018.09
8024.83
8029.17
8038.16
8046.65
8054.5
8069.18
8063.97
8057.16
8054.33
8051.74
8041.86
8037.84
8039.32
8036.61
8025.37
8013.6
8002.81
7999.33
7996.09
7993.26
7988.44
7983.14
7979.74
7974.11
7992.4
7974.56
7973.92
7978.26
7975.34
7974
7980.5
7984.06
7989.76
7988.02
7990.46
7990.95
7990.85
7984.77
7981.28
7978.72
7985.83
7983.21
7981.72
7976.97
7972.65
7967.74
7969.17
7966.2
7961.71
7952.57
7931.68
7910.61
7886.22
7891.88
7886.96
7886.3
7894.99
7903.31
7911.24
7921.7
7929.11
7929.65
7924.93
7923.31
7920.69
7918.67
7915.62
7907.09
7896.33
7890.63
7893.55
7893.28
7893.73
7894.74
7890.29
7893.77
7890
7893.46
7873.04
7861.01
7853.69
7853.88
7846.92
7841.35
7837.49
7835.58
7836.14
7842.33
7842.45
7842.88
7842.74
7839.88
