170.603
257.952
259.804
250.066
251.018
259.025
243.995
260.854
255.047
261.884
256.686
266.396
254.318
259.12
243.642
255.752
249.601
246.466
234.548
253.42
232.51
234.571
230.744
238.286
224.426
235.613
225.856
235.09
227.711
228.512
217.217
228.831
221.223
225.117
216.896
221.932
216.753
216.624
216.489
220.727
219.72
214.568
213.938
217.473
218.749
214.625
211.637
219.52
218.108
210.061
210.417
220.747
217.323
214.446
208.026
219.137
214.806
211.277
209.522
221.372
212.503
214.023
208.227
219.353
211.573
214.82
206.627
217.776
209.466
216.839
204.935
216.912
208.424
213.677
203.578
212.462
205.966
209.967
202.945
214.83
205.315
210.564
196.731
209.589
204.061
207.304
193.444
207.706
200.824
209.15
192.665
203.937
200.412
208.206
193.106
208.151
197.061
201.546
190.358
204.253
192.75
203.372
189.872
202.076
193.186
203.419
186.476
202.762
189.914
201.995
188.949
204.263
188.568
201.103
186.119
201.458
187.474
199.997
183.209
202.209
186.024
200.191
182.206
199.114
187.548
197.158
180.272
199.557
185.397
199.001
179.885
198.788
185.485
197.242
178.52
197.031
184.517
193.502
176.118
194.964
183.666
192.136
176.886
196.469
181.875
193.83
178.375
194.699
184.94
192.994
177.474
193.089
177.912
188.519
174.924
192.28
180.898
183.914
175.901
192.953
179.831
187.049
178.098
193.882
181.287
186.206
177.211
191.317
181.186
187.034
177.526
191.326
177.606
182.857
177.274
188.893
181.667
187.12
172.575
187.669
178.236
185.18
174.499
189.493
179.136
184.795
175.759
190.912
179.616
184.367
176.066
185.99
177.576
182.724
175.444
184.744
179.267
184.696
179.83
184.163
178.979
186.994
176.537
183.708
177.101
184.98
175.654
185.175
177.32
183.587
174.93
181.841
177.61
184.61
175.268
181.309
178.689
180.917
174.011
183.682
174.068
183.418
176.401
184.218
177.668
182.79
175.451
184.849
177.344
183.928
176.302
186.154
177.877
183.993
174.294
184.429
175.513
182.033
178.713
184.539
174.615
180.788
175.229
182.358
177.089
179.583
174.285
184.894
178.319
182.539
175.016
170.336
160.507
138.976
145.732
151.452
147.158
138.612
130.196
125.697
128.221
127.647
124.872
119.94
114.099
112.905
110.736
107.381
105.491
102.285
100.788
98.0587
100.986
100.852
98.0689
95.1462
92.4423
97.3994
97.6006
94.9814
93.0875
92.7244
91.8315
94.5363
94.905
93.6667
92.3063
89.7737
90.6527
92.7393
88.7058
89.8343
90.7291
88.8156
88.9507
89.2756
89.3966
90.095
90.784
91.5661
90.9292
90.2644
89.0168
88.4991
87.1136
85.9274
84.2821
82.676
85.9572
85.7151
87.2421
85.7477
83.6713
82.5577
81.3985
82.9125
83.9013
82.9898
83.3603
83.7216
82.1192
83.7272
82.9786
82.6136
82.5438
82.2728
83.3845
84.9441
84.8538
85.5298
85.2188
86.4534
86.7337
85.1546
85.5196
85.648
87.1872
84.4572
84.6592
84.5223
82.9683
83.2654
82.6387
84.2719
84.1415
80.8696
80.27
81.0317
81.0503
80.6341
80.7328
80.9832
79.6415
79.4888
80.7142
79.108
77.824
77.3818
79.3501
80.1704
80.6248
79.8799
80.4963
79.8492
78.9916
78.2412
78.9534
79.0168
82.6695
78.1238
78.8194
79.9711
80.4749
79.7421
79.1695
80.4134
79.5
79.2542
79.5885
79.838
79.4637
79.0959
79.1853
79.0568
78.3445
78.6071
79.2626
78.6555
79.3231
80.1825
80.2374
80.2784
79.0028
78.9693
80.8017
78.9041
79.0521
80.676
79.1797
79.5019
81.2086
81.5354
81.4395
82.202
80.4078
81.3054
81.3836
81.5009
81.648
82.852
82.9618
84.2719
83.0912
83.2393
83.8138
84.8426
83.7821
83.8128
84.8976
85.3166
85.405
84.7635
84.7709
85.4395
85.0484
85.675
85.3827
86.1527
86.3939
85.905
86.9162
85.7551
85.3752
85.2821
86.5791
87.041
86.7011
87.4926
87.1378
87.27
88.3231
85.906
85.7914
86.8827
86.6331
85.1471
85.3743
83.8845
83.9842
84.3911
83.5559
84.6676
83.6331
83.8408
82.9711
83.5149
83.9842
83.2076
83.825
84.1667
85.0093
84.54
83.7216
85.2523
84.041
84.7495
84.54
82.0838
82.2039
82.2495
81.9236
82.6788
83.2495
83.8203
86.0261
85.406
84.6816
83.2346
83.7253
83.3063
84.0577
84.2151
84.5857
85.3054
84.4171
84.851
86.1685
86.5773
86.0047
86.0196
86.3091
85.9069
84.2318
84.6574
83.3222
85.2374
84.5009
86.4199
86.959
88
87.6266
86.3547
86.0773
86.54
86.851
86.6248
86.1034
85.8026
85.7831
86.3017
87.5894
89.0587
89.6425
89.4032
88.743
88.0196
88.3166
88.4004
87.338
88.2542
88.1182
87.4804
87.5372
89.3426
89.9348
89.7402
89.3371
90.4525
88.9879
89.9851
88.4264
88.7216
90.0782
89.3659
88.5717
89.4786
90.297
90.419
91.1862
92.7775
90.3445
92.5065
94.6955
94.2626
92.6732
95.122
94.5615
96.4227
93.6844
93.4134
93.5196
91.8203
93.2281
94.1983
95.2914
95.5568
96.5624
99.3417
98.568
100.193
179.309
251.023
255.845
251.643
250.158
249.031
255.509
259.579
260.722
259.466
251.867
260.646
249.87
248.083
246.508
248.251
240.135
251.003
233.682
244.824
227.483
235.055
225.039
234.522
220.97
229.017
218.475
230.723
219.686
225.061
209.726
226.767
208.922
222.079
206.867
222.827
208.553
211.514
207.345
214.671
209.534
205.288
200.341
204.55
200.625
202.882
200.855
204.679
201.886
206.145
200.232
203.616
203.034
202.218
198.593
202.84
198.508
201.005
200.715
202.757
197.409
200.858
201.591
199.994
198.367
199.794
200.313
203.806
197.947
201.998
196.488
198.732
198.828
200.123
197.855
198.883
195.788
203.065
192.711
199.163
195.031
197.731
189.973
201.589
194.4
197.015
190.67
197.163
195.787
196.531
190.178
198.588
195.021
195.098
187.222
199.062
187.871
196.291
192.106
197.313
190.771
197.771
192.929
199.719
189.733
196.401
191.295
196.831
189.514
191.896
188.034
196.21
190.316
192.281
187.928
200.089
191.427
191.427
185.423
194.791
188.542
194.824
184.506
195.318
186.831
191.124
184.222
194.669
186.757
190.454
182.764
192.825
188.078
191.756
183.414
192.681
182.4
188.024
181.962
193.195
183.643
189.837
185.202
190.333
183.985
192.142
183.266
193.691
187.986
187.094
186.196
195.015
185.422
186.604
182.872
191.798
183.409
187.198
182.272
193.495
183.419
191.937
181.236
192.624
180.372
187.713
181.079
193.844
183.37
189.487
181.984
192.184
184.178
185.676
181.3
190.504
185.791
183.615
183.187
189.585
183.974
182.623
182.494
188.677
184.907
186.922
181.624
187.526
180.794
187.4
178.286
189.093
183.865
186.813
180.141
188.352
179.225
185.294
181.223
186.946
182.361
185.02
181.978
187.155
182.757
185.933
178.162
184.342
176.303
185.428
177.105
182.223
179.566
183.371
178.401
182.365
179.651
186.829
178.739
185.395
179.329
182.684
176.006
183.324
179.261
181.732
179.917
186.902
179.464
182.188
177.897
184.263
178.058
184.087
178.23
183.68
180.768
182.312
176.862
185.41
178.58
181.478
177.479
183.288
175.72
180.868
175.907
185.444
175.608
181.257
174.871
171.596
165.441
142.736
142.971
152.236
148.472
137.238
126.399
123.872
127.534
130.24
123.268
119.183
117.472
111.507
111.098
110.403
107.632
107.682
103.467
99.6182
100.06
98.8231
95.6341
98.7169
95.0112
94.4544
92.9777
92.0857
90.6453
89.7142
90.4963
87.5093
88.7812
89.5456
90.2896
88.1955
86.7644
87.2104
87.0456
85.1136
83.8482
84.297
86.5652
82.3492
84.0419
83.6704
81.8864
81.6983
82.7784
81.4721
82.3976
82.2011
79.7858
80.1071
82.0773
81.1359
80.148
80.8399
80.8911
82.3818
83.7048
86.1788
84.23
81.0689
82.0559
81.6341
79.5074
81.4115
78.5587
80.013
78.824
77.9125
79.8212
78.9488
78.6723
79.581
78.9981
78.5764
78.4153
78.4115
78.7793
79.2188
79.1266
77.5931
77.7104
77.6453
78.4851
78.1778
78.0782
78.865
79.3743
79.7086
80.5028
78.4683
78.973
77.4926
77.7691
77.6322
77.8957
77.8687
76.8603
77.811
76.7812
77.1406
77.4879
77.7263
78.7449
79.77
78.8631
78.4832
77.5261
78.0549
77.8184
78.2011
77.4469
77.568
77.5186
78.067
78.1983
76.4888
76.6089
78.3007
77.4358
77.9991
77.0214
78.6946
77.5484
79.8371
80.2244
79.5531
80.1471
79.4218
78.1601
79.4041
80.6145
78.8119
80.3361
78.8091
79.0428
80.4218
78.7654
79.2002
78.6453
78.379
78.7197
78.1331
78.9311
79.0912
78.6015
78.7048
78.5428
79.5363
78.5102
79.3613
79.1304
79.446
78.9618
79.9376
80.2412
80.9963
81.216
80.4451
80.6518
80.2356
80.4963
80.1155
79.6415
79.5447
80.2924
80.8929
79.4162
79.2672
80.3128
80.3231
80.027
79.5903
79.676
81.4218
80.5102
80.7225
81.8035
79.0782
79.2868
79.0317
80.0605
80.0531
79.8762
80.3585
79.9088
80.1685
80.0745
79.3911
79.4544
79.7616
80.8687
80.4022
81.0028
81.4255
80.5056
80.1862
78.986
79.541
79.6788
79.4339
78.8715
78.6052
80.1769
79.7374
82.3324
82.2644
81.4562
79.514
79.4395
79.0624
79.4441
79.8333
78.7886
79.5335
77.7784
77.9851
78.2505
77.7561
80.0279
79.5233
79.5782
79.0186
78.7803
77.9562
78.54
77.6704
77.825
78.8007
78.6015
79.5093
80.2644
81.4171
82.8156
82.0158
80.8864
80.4749
80.5773
79.9255
80.3231
80.5
80.0959
81.1834
80.8203
81.5549
80.2924
81.1927
80.4777
80.5317
80.9581
82.5112
82.2896
81.2505
82.7561
80.905
81.6313
82.4097
82.8222
82.4413
79.5624
79.0298
80.7793
80.1136
80.1499
78.1034
78.1965
79.3203
78.1136
78.3352
80.973
81.3017
81.554
79.9646
81.3585
81.7784
81.8305
82.5484
81.8762
81.3268
80.797
79.7402
79.9581
80.5549
80.3603
80.4162
81.514
80.7849
81.081
80.2142
80.4497
81.5801
80.7216
82.1182
81.3892
82.6601
81.0493
80.6639
81.9488
81.8138
82.0773
80.2551
78.8277
79.5372
80.5968
82.6601
80.7886
80.3939
79.2244
80.7896
81.1695
80.7253
81.7253
81.9935
81.8473
81.3417
80.9507
82.6723
83.8175
84.77
81.7235
81.1276
82.1304
81.635
82.9879
82.8212
83.3473
83.9404
84.3333
86.352
87.5689
86.5903
87.3678
86.2765
86.1052
85.9814
86.1238
86.7952
86.7747
86.7803
87.3743
87.622
87.6397
85.7626
84.7952
86.3399
87.7439
89.0559
89.0168
91.1471
88.7467
88.7477
88.3985
87.3315
88.392
89.0689
88.1797
89.3566
88.459
88.297
90.6881
94.3994
92.3184
91.9823
92.3631
91.5857
90.6378
88.5
90.9041
89.7151
90.608
90.8063
91.0214
90.5326
89.1518
90.4953
90.7076
91.2188
90.1294
89.8827
89.2635
90.6769
89.6164
91.2002
93.1331
95.1173
92.7961
91.8501
91.1499
91.2858
92.9534
96.4525
94.4395
94.4739
98.1099
96.3138
99.3138
98.4041
103.013
103.897
102.97
105.582
106.826
104.927
106.936
107.265
170.735
257.755
257.216
251.608
249.47
270.595
261.44
262.007
257.264
249.752
244.541
263.755
251.64
255.095
243.385
250.244
238.42
245.698
228.27
242.75
228.54
238.022
222.224
239.476
221.003
230.511
215.602
233.388
211.855
219.151
210.83
219.423
209.898
219.308
202.248
217.707
209.491
213.16
198.386
210.546
201.27
208.967
195.959
208.123
199.087
208.359
192.771
209.999
193.142
210.663
198.954
210.193
192.289
208.283
198.472
207.12
194.172
204.892
197.837
203.887
192.547
203.291
194.468
204.679
190.361
200.129
191.797
197.552
190.307
196.438
187.993
199.859
186.767
199.327
187.25
197.094
186.666
197.406
184.316
199.236
181.125
194.867
179.626
197.125
181.7
194.618
182.177
194.655
182.268
191.14
178.709
192.751
179.116
188.005
175.852
191.369
178.734
189.705
172.11
187.689
172.989
185.191
173.217
187.342
174.322
184.643
172.591
187.369
174.218
182.698
169.111
184.219
173.845
183.845
170.345
180.912
173.128
183.881
170.252
181.362
170.37
183.375
167.205
181.027
168.872
179.305
167.785
179.645
167.793
179.364
166.721
179.946
168.339
179.614
167.449
178.176
168.764
177.69
168.724
175.74
167.804
177.655
167.453
173.152
170.214
176.851
165.795
175.918
169.944
175.367
165.25
170.025
168.96
173.827
169.162
170.374
170.177
173.088
163.589
171.621
167.256
170.974
167.072
170.626
165.95
170.205
167.503
170.321
167.453
169.173
164.886
170.525
167.608
169.845
162.481
172.742
166.784
170.75
163.89
167.848
165.818
171.793
162.482
167.223
164.768
167.565
162.912
169.214
163.969
171.349
163.043
168.277
161.563
169.578
162.711
170.541
161.904
170.493
162.129
170.299
159.917
168.142
161.893
169.4
159.211
169.37
164.349
170.615
161.582
169.192
161.709
169.125
163.07
167.364
161.54
169.588
161.375
170.637
160.245
169.278
162.099
167.216
163.575
171.181
162.709
169.532
162.02
169.654
160.491
168.244
161.141
170.033
160.835
167.91
160.381
169.751
162.248
167.511
164.128
170.141
161.067
168.404
159.691
169.258
159.705
164.266
161.353
168.072
162.69
166.677
157.932
156.791
153.189
135.71
139.342
147.81
144.368
136.964
126.864
124.417
124.472
123.267
121.125
112.732
111.172
109.858
111.029
110.246
103.94
101.518
101.771
100.168
97.8101
97.2672
98.8222
95.825
92.9879
92.5186
91.0912
93.3408
94.9088
92.4004
94
91.8315
90.9041
91.216
92.0633
92.0289
92.487
89.9134
90.203
90.3631
90.1844
87.1182
87.9432
86.7709
86.9441
86.1518
85.5493
85.3231
85.1806
85.4469
87.487
85.8101
85.0112
83.6201
84.2542
84.6695
84.9972
83.8724
84.5838
84.2942
84.338
83.1862
81.2672
82.7365
82.1415
81.1313
82.8734
81.4181
81.8175
81.6397
83.5875
83.6769
82.6862
81.1266
80.3845
81.1266
81.108
80.3426
81.0382
80.1704
79.2356
79.2169
79.4683
79.8892
78.6741
78.0028
78.2076
78.2439
77.3454
77.0912
78.0987
77.567
78.1974
78.3547
78.1695
78.9106
80.9348
80.8203
79.1713
79.9702
78.5503
80.8696
79.5698
79.6304
80.0447
79.7449
80.0102
80.351
79.6648
79.3184
79.5521
80.5047
79.6024
78.8212
80.2495
81.2803
80.5885
80.202
81.6741
81.1443
80.2588
80.175
79.4786
79.0428
79.4553
80.5009
78.6536
78.5596
76.959
77.3305
77.3063
75.5689
75.7598
75.73
76.5354
75.9525
75.5875
76.4246
75.2467
75.7467
75.487
75.7142
76.2467
75.9842
74.9255
74.2709
74.8371
75.1546
75.3305
75.0847
75.3063
75.4227
75.9711
75.3613
75.4423
76.4097
75.852
75.5345
75.1704
75.4199
75.4413
75.0661
75.824
76.4162
76.6173
75.8985
76.5912
75.5726
76.9637
74.6117
74.5633
74.2235
74.7123
75.8054
76.0931
74.5754
74.9469
74.0866
74.0279
75.2607
75.3101
75.3864
76.1685
75.4143
73.8836
75.4423
73.9926
73.8678
74.1704
74.2467
74.7747
76.2849
75.0577
75.3864
75.3585
74.9637
75.9907
75.5214
75.5894
74.9721
76.0903
75.216
76.6266
76.3715
76.1899
75.1508
75.108
75.3911
75.298
74.9497
75.5717
75.5773
77.0736
76.3566
77.5661
77.4507
76.7467
76.3994
77.1406
77.1564
78.5922
78.0065
77.4469
78.5596
79.4553
78.2058
78.2514
78.8752
78.9898
79.6369
79.9171
80.2812
80.648
79.9777
79.6285
79.0317
78.3845
78.0838
78.5801
79.9013
79.8082
79.8128
83.0149
83.0196
79.9069
80.0493
79.7495
83.1518
83.324
83.8305
81.513
82.7803
81.5866
80.9404
83.1024
81.3939
80.8045
81.5456
81.6518
81.5047
79.7337
80.4134
79.9069
82.9693
83.1127
81.8948
81.7635
80.7309
81.2775
81.3566
84.0708
82.9991
83.7048
84.7281
83.203
83.8343
85.1797
83.5503
82.3212
82.3669
81.8473
84.0894
83.4311
82.7439
83.2831
84.3538
83.8454
83.7803
84.1145
84.8035
84.7663
84.1546
84.6583
84.7886
86.0773
85.5819
88.5661
87.5372
88.0391
89.1527
90.9274
90.0456
88.7505
88.1704
89.8883
90.4814
90.2626
89.3352
89.0652
91.2337
92.7877
94.8808
95.5596
95.3911
96.0624
100.106
101.647
99.3575
173.864
251.91
255.002
260.577
254.582
265.164
263.317
261.247
251.406
265.367
257.704
258.686
246.52
254.213
246.445
252.927
233.028
246.637
229.247
237.16
225.798
235.597
227.842
233.862
219.009
233.367
215.714
226.043
215.166
226.32
217.392
220.903
214.932
223.741
210.507
218.299
210.868
223.831
206.617
218.138
210.867
215.223
204.151
215.12
207.188
211.235
204.319
212.555
204.101
208.831
205.507
212.666
202.907
211.335
203.87
205.432
207.428
208.412
203.507
204.808
205.662
208.031
203.266
207.324
202.819
206.472
199.898
207.935
202.721
205.411
198.98
208.57
201.242
207.31
199.163
204.79
198.479
206.624
199.753
204.766
197.042
206.582
195.872
206.514
198.002
208.998
196.975
205.655
194.416
206.507
198.079
208.524
193.933
204.335
196.899
203.928
194.748
203.267
195.445
201.324
196.56
202.06
195.832
200.925
196.107
201.685
193.82
200.443
192.614
201.831
193.025
200.063
192.116
200.108
191.471
198.538
193.279
202.48
189.463
199.221
189.792
197.285
193.343
199.81
191.79
196.909
188.87
196.495
188.404
195.844
192.224
199.851
189.543
201.328
193.057
197.468
190.361
196.611
189.979
198.018
191.083
196.519
190.38
196.257
185.514
194.499
193.931
196.48
188.787
193.758
190.046
193.724
187.621
196.402
188.389
190.304
186.391
195.372
189.726
190.037
185.208
198.413
186.51
190.254
183.421
194.473
186.079
190.899
184.997
193.682
187.312
193.697
184.825
193.802
184.631
189.931
184.569
191.549
183.872
192.057
188.295
190.594
186.736
194.989
185.467
193.234
186.623
189.934
187.426
192.863
186.217
186.992
182.845
189.408
186.25
189.223
185.742
189.569
184.966
187.145
180.754
190.959
183.979
190.543
183.136
193.482
183.628
188.944
184.101
190.389
185.191
186.236
182.804
190.543
181.809
185.614
182.717
189.816
186.371
189.209
181.809
187.656
186.373
186.334
180.64
188.172
184.526
185.575
180.715
187.578
183.814
188.292
180.655
187.756
181.061
186.87
180.455
186.608
177.915
184.347
179.67
186.669
181.067
187.67
180.986
184.037
182.938
183.598
181.371
182.502
180.717
177.883
172.345
149.378
148.372
154.106
152.697
143.528
133.702
124.742
133.976
128.547
123.068
119.802
118.274
118.085
115.44
109.527
111.434
108.222
105.024
103.561
100.993
100.405
96.5289
97.6313
96.6685
93.8594
93.8771
96.5438
90.9171
92.3259
91.406
91.1704
91.77
88.6173
88.568
89.2952
88.5233
89.689
87.6993
83.9143
86.7328
87.5112
87.094
86.6611
85.0065
87.1806
87.8678
87.5438
88.2868
86.0605
84.9674
84.879
82.4153
81.4674
82.0987
81.4534
81.9488
81.7709
80.7505
80.2188
81.8594
82.9907
83.6015
81.8222
81.6443
82.1536
81.7495
81.4786
82.5903
80.4749
80.3166
80.3324
80.324
80.3454
80.9944
81.2868
79.8557
80.04
79.7803
78.6425
79.6704
80.5149
79.7616
79.2588
79.8939
78.622
78.1471
77.5801
79.216
77.54
78.392
79.3706
79.5196
78.838
77.1294
77.1108
76.9097
76.9115
77.3771
78.8361
80.1276
79.3222
80.4944
81.5596
79.3399
77.4255
76.5317
77.4618
77.2458
78.1127
77.0074
80.6592
80.0205
81.0186
79.2803
80.5298
78.784
78.6592
78.6862
78.8073
78.2291
79.6294
78.9209
78.2914
78.8985
78.5922
79.433
79.5205
79.1806
79.3371
78.757
80.3454
80.2691
77.3892
79.04
80.5
79.5298
79.4339
79.0521
78.4367
79.0531
78.1313
77.9274
78.5279
78.6108
78.1993
78.4348
77.5847
78.621
78.7086
78.5065
79.1397
78.8659
78.2272
78.0717
78.2858
77.2346
76.6313
77.202
78.0773
77.716
77.6946
78.1555
79.5568
79.4125
77.8101
77.1406
77.9311
77.0037
76.7896
77.9432
78.8119
79.7281
79.7561
79.3669
80.7588
79.8343
79.6248
79.5084
79.7439
79.4069
80.3994
79.4013
79.2924
79.5419
78.3538
78.2765
77.9041
77.5624
77.7765
76.2048
76.6657
77.6443
77.8464
77.203
77.1732
76.5885
76.96
77.1695
77.6155
76.9292
77.0056
76.8277
77.3073
76.662
76.7086
76.9385
76.9423
77.4916
78.7197
79.0503
78.3333
77.0186
76.2616
76.7886
76.1937
76.8203
78.8101
78.3687
78.1955
78.1276
77.0624
78.4209
78.8631
78.1164
79.0345
79.2831
79.0782
79.3203
80.1778
79.2551
78.567
78.9246
80.0978
79.6192
78.1285
78.8752
80.095
80.5028
79.8166
80.8119
79.6946
79.3845
81.7179
81.0289
82.1499
82.5521
82.1369
81.8119
82.2942
81.9655
80.3603
79.5084
79.3296
78.2467
78.9628
79.3026
78.9879
79.3687
79.7384
81.1043
80.3873
79.7281
80.6434
79.9432
81.4581
79.7104
80.4581
79.852
82.8557
81.2458
81.8222
81.324
81.1741
81.6443
82.5214
81.7886
83.9413
83.3994
84.7765
83.4376
83.6378
83.3277
83.311
83.5894
85.4311
84.8547
83.8883
83.7263
83.6266
82.9935
81.9497
82.3147
81.9888
83.2598
83.3017
84.0056
83.1043
83.6304
83.1071
84.4618
82.825
83.0149
83.5801
84.1499
84.1173
82.9339
86.2542
85.1145
86.4236
84.9525
85.9916
85.4683
85.459
86.7272
88.1406
88.2505
89.4665
88.5158
88.4786
88.6034
88.1601
88.3203
88.4562
87.4171
88.3724
87.6769
89.0326
89.3417
88.9572
90.3538
87.7616
90.9823
90.1629
87.2551
87.7048
90.2439
87.9655
90.054
90.7244
90.6238
91.6173
92.0205
91.7914
93.2523
93.1341
93.4339
94.2607
94.8845
96.459
96.2328
97.8473
97.0102
98.9274
100.343
101.615
100.064
102.266
172.126
250.399
237.825
252.624
256.574
268.716
259.894
267.705
248.548
266.578
255.356
257.459
253.982
268.74
253.242
250.098
231.981
249.228
240.828
244.56
236.646
245.029
236.25
237.866
223.748
234.142
223.303
233.507
221.299
227.347
223.641
226.443
221.217
221.762
222.291
225.921
217.658
212.725
211.356
220.779
214.869
217.879
213.302
216.042
212.677
211.507
205.949
209.645
214.619
212.589
210.225
211.45
210.122
211.199
209.064
209.351
203.454
210.66
200.734
207.483
203.891
204.588
203.296
208.218
202.074
201.28
200.747
206.739
203.589
203.804
199.415
205.513
202.98
202.791
196.005
202.675
200.953
201.764
195.635
203.25
198.813
201.468
191.54
201.137
198.834
195.862
195.515
198.541
197.076
197.279
192.974
200.527
201.447
195.87
194.705
201.004
197.379
196.805
191.856
198.915
197.07
195.793
191.99
198.586
193.833
195.451
190.777
195.813
194.885
196.358
193.78
196.549
189.765
195.945
190.355
194.518
191.873
195.222
192.555
192.157
189.255
197.087
189.568
192.376
190.154
196.354
194.185
191.008
188.655
193.344
190.363
193.028
191.713
193.673
190.86
196.849
186.386
192.183
186.618
193.396
188.119
195.619
187.844
195.049
190.55
190.436
189.326
194.281
188.495
193.615
188.593
191.832
186.522
190.946
191.303
191.881
191.072
195.088
187.776
190.676
188.755
192.73
189.049
189.759
188.908
192.951
188.565
190.912
187.761
193.855
187.977
192.692
187.074
195.483
186.75
194.523
186.429
189.477
187.339
195.336
186.804
190.155
191.467
193.653
187.726
188.019
189.413
195.745
187.46
192.766
191.55
189.612
185.709
192.384
189.819
191.193
188.412
192.447
188.938
192.795
186.932
192.177
190.1
193.542
189.303
194.835
188.301
188.904
185.208
192.007
188.183
191.426
185.275
195.755
189.201
192.613
185.541
192.864
190.444
190.791
186.713
190.881
187.795
192.318
186.559
191.655
190.658
191.257
184.317
193.781
190.048
194.642
187.999
192.1
187.975
191.899
184.861
190.692
186.697
190.677
186.256
190.088
186.996
192.176
188.651
191.046
187.127
192.691
184.238
190.201
185.652
181.25
174.334
157.492
160.106
168.663
161.558
152.105
142.7
143.445
145.045
142.929
133.126
128.764
124.354
120.573
115.067
111.094
108.615
110.916
109.86
104.424
103.938
101.221
101.951
99.7635
99.2691
96.6778
93.4795
93.8259
92.9423
93.4227
93.0968
89.9041
88.1099
88.1816
89.6909
87.7868
87.4143
87.2179
85.9851
85.3138
82.7458
83.8808
85.9181
83.5307
83.9739
82.3538
81.3985
81.406
81.2775
84.2011
83.5112
83.419
82.0903
80.554
80.6248
80.6471
81.5521
83.5549
81.527
81.8547
81.8845
80.933
81.5978
81.7346
82.703
79.405
79.4423
80.2533
79.0419
79.8045
79.3436
79.703
78.189
79.5838
79.8147
79.1769
79.4786
80.2412
80.1089
78.2421
78.7998
77.7272
78.6713
77.0652
75.9218
76.2663
77.4618
76.3808
75.9283
74.865
76.7421
76.5791
75.4972
75.8035
75.3482
76.5754
75.7858
75.3492
76.2551
75.8352
74.8845
74.6136
74.1676
75.1136
76.6257
74.7365
75.9432
73.2756
74.3073
73.5214
75.121
76.0959
75.5857
75.811
75.825
73.8343
74.3762
73.5624
73.2635
73.013
77.3073
76.0652
75.8371
76.5214
77.2318
76.0168
76.1629
76.1304
75.4441
75.5512
75.9236
76.9721
77.0354
76.7952
76.1909
77.8827
77.3352
76.2505
77.6564
76.8687
77.3557
77.3026
76.6527
76.487
76.6155
76.4581
76.9274
77.6201
77.7495
77.6974
78.054
78.2775
77.6639
78.3482
77.5801
77.8343
78.4302
78.0615
78.3557
78.9935
78.2719
78.4227
78.1052
78.865
77.1499
78.2989
77.6471
78.4292
78.0261
78.298
78.5419
79.743
79.1713
78.6378
78.3529
78.3482
79.2886
78.8436
78.9572
79.0633
80.3985
78.3948
78.3501
78.5782
79.4898
79.6192
79.5847
79.4534
80.4721
80.3194
79.6201
80.2737
81.1862
81.0605
80.3194
80.9246
81.6676
81.567
81.1453
81.5633
80.6276
81.7933
82.9013
82.2309
82.9069
82.9916
83.7486
81.8547
82.5102
82.2095
80.9823
81.1592
81.2672
82.2197
81.3678
81.6518
81.662
81.7225
81.6182
82.6806
81.9181
81.1974
80.7058
82.2682
82.5242
82.5428
82.7616
82.5512
81.8818
81.838
82.27
81.838
81.1136
83.8231
83.4358
84.6276
86.4162
85.1723
84.3622
86.7989
84.6881
85.9711
86.0009
85.0475
83.9953
84.3371
83.2747
82.905
84.3641
83.5782
83.1881
81.8585
82.6061
81.081
79.5037
78.7709
80.338
81.0717
79.5093
80.5028
81.3538
79.9134
80.1276
80.5289
80.2821
80.8752
81.1443
81.5233
82.1536
80.8128
80.7486
83.1052
82.4385
82.2821
83.2039
81.635
80.9916
80.7086
82.3547
80.9088
80.7495
82.6862
82.1425
81.7495
81.4367
81.1685
81.5642
82.7793
83.216
82.3184
82.8715
86.7169
85.9525
85.7924
85.6508
86.9013
86.189
86.3194
86.7803
85.6238
86.7412
88.865
89.2086
86.0903
86.7412
86.2626
85.3762
86.8175
86.6983
87.6965
87.0326
88.162
88.1862
89.1732
90.0279
88.9553
89.4385
87.7765
87.9469
90.825
93.1331
93.4153
94.0009
91.8389
92.9013
91.6415
92.0261
92.7654
92.027
91.9553
92.3762
91.7197
92.9115
94.4628
93.6955
93.6732
95.0298
93.4628
93.6406
94.9022
95.9143
94.4004
98.2346
96.8948
99.4572
99.6425
97.6955
97.1834
98.3696
98.9832
97.5829
96.5745
97.8985
101.213
101.816
100.627
103.375
101.251
102.744
102.611
99.9292
101.53
99.9041
98.919
99.9125
100.09
101.204
98.7421
96.9767
97.8138
100.831
98.3715
98.4367
97.2598
94.703
96.9618
98.8054
97.3929
170.603
258.272
259.496
250.645
250.826
258.12
243.128
260.205
254.105
261.526
256.872
261.894
254.753
264.087
236.336
253.831
244.287
248.82
241.499
252.392
232.532
244.706
230.986
241.38
222.29
236.305
223.876
238.613
228.38
236.356
224.629
231.432
226.827
229.282
216.193
232.217
220.778
220.597
211.463
227.276
217.581
219.935
212.836
224.918
217.966
218.612
216.454
221.353
219.005
219.885
214.055
220.647
215.734
214.428
210.89
223.69
213.382
219.633
213.376
223.228
212.881
213.679
218.663
222.471
210.443
215.821
216.087
221.059
211.386
215.841
217.678
216.892
212.406
219.569
214.148
218.398
219.831
217.287
213.088
220.826
216.273
215.296
210.881
220.761
215.708
217.918
209.418
218.955
214
217.155
211.138
217.779
211.218
211.406
209.428
217.417
214.031
214.544
207.25
212.78
208.397
212.766
205.084
214.835
205.672
217.429
206.645
217.909
207.004
213.395
207.954
214.22
203.352
215.638
199.553
209.887
199.907
213.209
200.012
213.217
199.839
208.308
200.358
208.66
199.572
208.64
201.079
207.532
200.25
208.334
204.568
207.11
198.081
206.18
201.808
204.755
196.89
202.262
201.985
205.113
198.738
202.798
202.297
203.276
199.815
206.48
200.814
203.313
196.746
202.845
200.401
202.607
199.457
199.38
196.122
202.733
198.689
201.209
191.761
201.742
195.648
205.05
194.806
198.21
199.277
202.178
194.488
199.045
197.606
203.942
193.965
199.894
197.73
203.682
193.489
198.935
195.11
201.732
190.465
198.252
193.811
204.395
191.396
195.741
195.59
199.08
195.406
196.682
193.302
199.635
193.364
198.044
194.604
199.865
192.113
199.138
195.138
197.402
192.023
200.674
196.094
199.911
192.53
196.102
192.189
199.551
192.131
200.373
194.82
198.545
194.484
197.189
192.405
195.259
189.704
197.885
192.754
195.377
191.032
195.72
192.119
195.392
190.097
194.961
192.627
195.673
189.683
195.243
195.829
193.501
189.52
195.151
193.279
193.572
189.95
195.765
191.13
193.747
189.723
195.801
190.502
194.689
191.482
194.348
191.624
193.764
188.302
194.031
190.873
193.438
186.05
184.54
172.927
151.524
153.94
160.348
158.878
149.843
141.965
134.926
136.165
135.367
127.219
125.657
120.823
119.345
113.922
111.298
106.245
106.882
105.098
105.651
103.617
100.894
98.3939
99.284
96.2328
95.9702
97.1601
98.1434
95.6015
94.3585
93.0959
92.4469
91.4665
88.811
87.7253
88.1583
88.5968
89.5279
89.2356
88.46
89.4935
87.6825
86.068
86.2775
86.5931
85.8194
86.6741
85.8361
83.6006
84.9507
85.1341
86.6462
85.0112
84.6583
84.0596
86.1629
85.0503
87.6015
85.0996
84.067
85.3538
82.338
82.8845
83.662
85.3603
84.9534
83.352
82.6518
82.2626
81.9246
82.9516
83.0065
82.9283
83.2048
83.567
82.8035
80.9618
80.0847
79.892
81.0074
82.6592
82.9227
81.9469
81.0335
81.5074
82.405
81.8408
81.9898
80.9097
81.8752
81.1201
80.8901
79.6276
80.7188
81.4795
81.5354
79.7626
81.2551
81.5196
80.8371
80.2942
80.4814
82.1778
82.0307
82.5624
82.9022
84.0354
81.7439
82.1955
81.5475
80.0736
81.1462
80.608
81.2765
81.675
81.4125
82.1834
81.3892
80.9618
80.5698
81.1192
80.9469
80.825
80.9283
79.7523
78.7076
79.0894
78.9907
79.1844
80.5642
80.3184
81.4702
81.5186
81.594
82.0354
81.554
80.9106
81.1238
81.9413
81.2104
82.7523
82.3855
82.0754
81.4013
81.4451
81.0168
80.5791
80.676
80.9534
82.1406
83.4739
82.2393
81.9088
81.6574
81.8007
83.9814
82.6788
83.5382
84.0931
83.0447
82.8017
82.2412
82.5698
82.1974
82.0149
82.622
82.0475
80.4674
82.6667
81.0642
80.8873
81.8799
81.7114
82.2123
81.0912
82.8883
80.9628
82.4395
82.2896
84.3827
85.2449
86.1136
84.4339
84.2961
82.8268
85.5642
83.2412
83.0736
84.4991
84.4497
83.2765
84.77
84.7402
84.1555
85.0978
84.3156
84.0345
84.0903
84.6034
84.0987
84.5894
83.9991
83.4106
82.6965
82.1918
82.4209
82.2886
84.0447
83.4339
84.8911
85.3464
85.9302
84.7765
85.8529
84.108
83.987
84.1359
84.1006
84.3799
84.1155
83.5922
83.3138
83.6601
84.3911
83.9441
85.1555
84.8808
85.3054
85.0587
85.4395
85.0978
86.5047
84.3883
84.2067
84.8063
84.1881
84.5475
84.365
84.4013
84.9525
84.8371
85.3594
85.2048
84.4367
84.8492
86.1285
85.5074
85.8901
86.3585
85.6304
85.2132
86.4311
86.4711
88.9655
88.4991
86.2309
85.9534
88.3454
87.9814
86.0978
85.5978
86.0037
85.419
87.6061
87.4814
86.9907
87.9655
85.7682
86.6471
86.8166
87.014
87.4749
86.1034
88.432
88.622
88.4376
87.608
87.1648
86.7691
86.8454
86.0009
84.1099
85.5019
86.5624
85.5028
85.4814
86.9395
87.2328
87.4507
88.0894
89.5168
89.5754
89.9404
90.9339
88.7598
89.2328
88.9842
90.351
90.04
91.189
89.4534
92.0652
94.0056
90.405
93.2998
96.3529
99.4711
98.3203
98.5512
98.0726
99.7477
98.7551
99.4702
104.901
106.61
107.439
108.128
109.6
179.309
249.066
256.988
250.833
249.376
251.588
259.734
259.479
265.261
254.179
241.549
256.791
248.62
247.643
238.555
248.521
234.177
244.748
233.377
239.717
224.654
237.659
222.767
236.835
213.18
232.035
218.183
228.157
211.399
226.709
209.581
224.127
207.024
224.223
210.048
222.186
206.538
212.493
200.487
218.69
204.696
215.206
203.151
215.641
205.7
213.054
202.466
213.024
205.145
208.871
206.723
210.607
207.067
205.835
204.445
205.074
201.755
204.47
204.251
198.845
197.928
204.424
199.097
199.196
201.096
204.244
198.399
197.921
195.477
204.345
198.396
195.756
197.507
201.966
199.603
193.46
196.331
199.147
194.507
192.712
193.831
197.656
194.486
196.779
193.904
198.785
190.489
200.307
194.32
200.168
191.279
198.522
195.462
202.427
190.939
198.371
192.33
196.291
190.931
198.968
191.873
196.578
188.762
196.485
192.388
194.774
195.076
199.617
188.733
195.224
189.69
197.535
190.376
194.06
190.377
196.724
187.969
194.208
193.083
196.264
186.873
192.845
188.632
194.622
185.448
191.001
187.814
193.31
189.547
191.02
184.947
191.389
182.992
192.409
184.672
192.216
182.585
194.385
184.034
195.982
184.756
189.325
185.695
193.155
182.851
188.75
182.831
194.087
182.45
187.946
183.226
192.166
183.32
190.312
184.379
193.655
183.324
191.21
192.45
192.812
185.868
189.796
187.312
193.756
183.961
190.211
185.152
194.092
188.375
186.659
183.812
192.822
186.839
186.271
184.466
192.117
184.281
185.712
185.331
188.554
181.685
186.97
183.54
188.099
182.402
187.703
181.932
186.491
183.236
185.325
182.222
187.299
183.669
187.573
186.604
187.79
183.73
188.671
185.604
187.995
184.737
190.477
183.408
190.009
184.5
186.345
183.076
189.452
181.856
184.307
185.856
189.864
182.153
189.969
184.626
187.59
180.847
189.698
183.521
185.325
180.631
188.649
182.34
185.042
182.176
185.574
181.236
185.571
181.972
185.643
179.349
187.617
182.763
184.464
180.043
188.038
182.227
183.118
181.251
184.655
184.242
184.188
184.233
185.509
183.288
186.722
180.608
185.299
183.006
188.064
183.271
176.594
163.316
139.539
140.908
149.254
141.677
135.477
128.473
126.129
128.38
124.286
119.422
114.855
112.409
113.089
109.265
106.271
101.775
100.203
100.468
100.175
98.2896
98.2039
94.8296
95.0633
98.0754
95.8799
94.4097
92.5717
90.7467
91.4879
88.7831
88.8305
88.0158
86.7114
89.649
87.4404
85.4395
87.1778
87.5959
88.094
87.2142
86.3641
85.2579
86.3575
85.5484
83.7197
83.9786
84.7849
82.7058
82.1881
81.0885
84.9013
83.3659
83.4767
81.4171
82.0093
83.5019
84.3119
82.4683
80.5577
81.2588
80.8771
81.5335
78.9143
76.6397
78.1769
79.6918
81.3128
81.77
79.9721
80.2467
78.3603
80.4236
81.0968
80.6806
81.2402
82.0382
81.8231
81.648
82.4013
80.446
80.8007
81.2737
81.0419
81.3026
80.9274
80.8212
79.9078
79.7579
80.0764
78.4926
79.6173
80.5298
82.3091
79.8184
80.2533
80.2709
80.9292
81.6825
81.6899
80.3641
80.2281
80.3994
79.0559
79.5512
81.0428
79.0223
77.6564
81.121
79.2561
79.9655
78.5475
78.6583
78.8091
80.4665
78.2253
79.1546
78.2635
79.2374
80.0186
78.9711
78.4041
78.1369
79.6667
77.6499
76.9097
76.6723
77.2961
76.6201
77.4451
78.3715
77.9609
78.5968
78.6313
79.8147
80.2318
79.9637
79.2998
79.2467
79.9078
79.4339
78.0335
78.0708
77.7551
78.4171
78.2663
77.7291
78.9842
78.8799
78.7654
77.0037
76.216
76.8771
78.2644
78.7039
78.1406
78.3315
78.1285
80.4274
79.7644
79.3324
78.8585
78.7821
79.1061
80.0773
76.6862
76.7942
78.8138
76.095
77.5838
76.9264
77.4171
78.1099
79.1182
77.8417
76.5894
77.3873
77.6443
77.3985
78.8324
77.9544
78.0326
77.7477
78.0345
78.7523
78.6862
80
78.852
79.1844
78.0605
78.0903
78.2877
80.0978
78.2756
79.3119
79.2784
80.0503
80.9721
81.1685
81.3259
81.1257
79.5764
79.933
80.352
79.4935
79.5317
79.094
79.8054
81.1508
81.5149
79.1304
78.6387
78.9246
78.8184
78.9488
78.0363
79.703
76.7989
78.8035
76.6322
77.0298
76.9981
77.4097
76.7142
76.7765
77.4209
76.825
77.1508
76.987
75.3855
76.1294
76.4711
76.5838
76.9004
78.4544
76.2905
78.2439
79.2579
78.5382
79.9628
78.8464
79.4236
81.405
80.0382
79.568
79.5447
81.6629
81.5047
82.7337
81.7709
80.8361
82.351
82.352
80.9199
79.8371
79.4823
80.175
81.7039
81.4823
80.6546
80.9609
81.7356
80.8818
82.0819
82.8855
82.9581
82.6061
81.1117
82.5205
82.1089
81.9702
81.2142
80.7291
80.4981
79.202
78.9367
80.0903
80.8296
80.8464
78.9013
78.8706
78.9618
78.2616
81.1667
79.8687
78.3147
80.513
80.257
80.3855
79.4236
81.0112
81.5298
80.2076
81.0531
83.757
82.6499
80.9702
79.4898
79.8715
81.6657
81.8482
83.8501
84.1006
82.6732
83.8408
83.1276
81.5829
80.6387
81.2914
82.4385
80.7514
81.5456
82.7756
83.9702
84.9246
82.6369
86.797
85.013
84.6909
86.338
84.3128
83.9171
84.4227
85.3762
85.8575
83.9553
85.0121
85.4553
83.865
83.7495
86.8222
88.2058
88.0428
88.7654
88.2225
88.2896
88.4814
87.1983
88.3957
90.2756
90.6341
90.4842
88.9907
90.4264
88.6853
91.1937
93.4367
95.1583
95.9413
95.852
96.5102
97.4972
95.0196
95.8706
96.1937
98.0568
96.6155
96.6117
170.735
257.908
255.953
251.361
249.258
268.182
261.078
263.655
259.297
252.294
240.91
260.831
255.228
254.761
239.692
251.521
238.388
245.977
230.101
242.839
231.56
240.175
225.884
238.683
223.097
225.895
215.561
230.678
217.803
223.241
208.258
218.117
214.327
222.667
210.348
214.395
209.511
215.697
207.615
212.9
209.377
213.918
210.401
205.338
206.864
210.84
201.115
206.269
204.776
211.574
200.155
203.768
202.233
208.108
199.953
202.05
199.363
209.468
196.016
200.74
199.85
201.915
196.945
200.567
199.012
203.75
198.975
201.559
192.858
202.951
197.46
201.249
192.987
199.636
193.974
200.146
192.144
199.575
195.892
200.262
191.457
199.773
191.479
196.249
193.635
199.378
190.182
199.155
189.131
197.824
189.062
197.745
191.443
194.416
184.889
195.231
189.158
189.76
186.454
197.812
182.962
195.74
184.324
196.496
182.665
192.491
183.395
193.871
180.939
192.025
184.116
194.742
182.991
189.41
180.673
193.603
182.034
188.157
178.52
189.585
179.238
187.336
178.703
190.153
181.642
189.61
178.536
186.593
177.988
186.321
175.816
189.562
177.853
186.104
174.814
186.449
173.965
186.449
174.866
187.051
174.867
186.431
177.158
184.223
175.073
184.027
180.013
179.872
171.303
185.665
177.03
182.458
171.672
184.156
177.18
182.196
175.042
181.256
179.18
179.567
173.67
180.374
178.384
180.19
175.466
179.479
174.782
179.071
170.319
181.532
178.832
180.046
170.073
180.018
176.236
178.623
172.692
180.208
176.106
178.171
172.824
179.526
174.303
181.458
170.14
180.044
171.916
176.911
168.792
179.553
173.212
180.739
167.824
177.89
174.578
177.309
168.331
178.31
173.254
177.161
169.689
179.443
171.807
179.693
169.688
178.858
171.019
179.257
169.371
179.291
172.908
176.581
169.426
179.964
173.044
179.15
169.374
178.245
172.09
178.037
168.165
178.879
174.07
178.554
168.133
178.193
172.235
175.785
165.616
176.122
171.177
172.434
168.806
177.951
175.043
172.902
168.617
172.863
174.985
177.008
167.961
173.676
172.331
176.507
168.327
175.142
169.02
174.48
166.86
175.294
169.419
170.674
162.612
140.489
140.794
149.396
150.057
141.486
127.06
123.922
128.916
124.288
120.24
116.751
115.304
109.947
109.552
104.705
106.096
103.723
105.193
100.459
99.0326
99.0847
96.6629
95.351
94.3557
94.7356
94.4618
94.4553
91.7095
91.9944
92.9078
95.3147
96.7588
94.0521
92.7812
90.2607
87.9916
87.4218
89.4069
88.7039
89.365
88.4153
86.2784
84.7654
86.3128
86.4218
83.9218
83.9022
81.3901
81.3296
84.0782
84.1229
80.6881
83.1601
84.8547
82.7598
83.9497
83.9181
83.3687
83.1415
82.2626
81.6266
81.9683
82.2058
81.3119
81.8976
80.9907
79.6415
79.0382
78.2486
79.1508
81.5875
80.0922
80.8212
79.824
80.2877
81.2905
80.7533
80.3911
77.9953
79.5251
79.6834
79.797
79.7263
79.2514
79.8063
79.851
80.0903
80.2095
80.4143
79.6564
79.7533
79.0708
80.9004
81.6164
82.0251
82.1723
82.0093
81.3473
81.6061
80.7533
79.3147
78.6024
78.5261
78.7644
79.0894
78.433
80.4302
77.9693
77.5047
79.1117
77.5531
78.3696
81.1173
79.0931
78.338
78.3091
78.2393
78.3631
78.2477
79.1099
78.0801
78.0363
78.3417
79.8734
79.7812
80.2365
79.2337
79.2607
79.1276
79.8641
78.7272
78.5158
78.7486
78.9004
79.1285
78.0549
77.1778
76.1015
76.878
76.4972
76.0214
75.9078
77.8175
77.9711
76.4609
76.9981
76.6518
77.1359
76.7486
76.7812
76.4562
78.0968
77.5289
77.3911
76.8547
75.9758
77.6359
77.5587
77.2644
77.703
78.9935
78.6639
78.4078
78.6155
78.8473
78.6806
78.5484
78.0093
77.6583
78.352
76.7551
77.8948
77.9758
77.6778
77.2998
75.5335
75.6453
75.9981
75.3873
76.1872
77.7039
78.5736
79.1937
76.7393
77.0019
78.5698
79.1518
78.1965
78.5251
78.3724
78.5931
79.027
79.2477
78.9562
78.5298
78.1788
78.4441
77.9209
78.6015
78.7644
78.2393
78.4516
79.2989
79.324
79.1182
78.9069
77.8687
78.6639
78.4358
77.6723
77.4683
78.6136
78.6182
79.3482
78.7402
79.6061
79.4991
78.7849
79.1015
79.487
78.3883
79.9646
80.6155
81.121
81.8119
80.3147
81.6983
80.4553
80.4069
79.3631
79.1406
80.2151
81.1881
80.1108
79.73
82.1313
81.1601
81.298
81.0475
80.5503
81.5447
81.4562
80.5112
80.1946
81.2793
82.4423
82.6304
81.1201
81.2421
81.2346
81.5382
80.6052
81.4367
82.1685
82.3426
82.2272
82.4907
82.9004
83.0242
83.6378
84.4199
82.2011
83.3091
83.4022
83.9963
83.9581
82.2132
81.3361
80.7654
80.1788
81.0829
80.4525
82.5317
82.5251
82.5568
82.1862
81.4702
80.5633
82.1434
82.4702
84.6844
84.9255
84.6778
85.0801
85.8492
87.8324
88.1611
86.4525
85.3026
86.7533
86.176
87.8119
87.7439
90.0168
87.1564
87.6387
88.0428
88.1797
90
88.7067
89.3128
89.2858
89.1667
90.0745
90.6899
92.2877
94.4507
93.8799
93.2309
95.852
95.6955
96.2374
96.3166
100.76
97.9562
100.196
103.075
173.864
252.349
255.784
260.226
256.1
265.538
265.759
259.688
249.817
264.051
253.058
253.414
242.809
254.451
238.823
254.453
236.167
245.189
235.794
243.418
232.478
237.01
226.853
237.278
226.37
234.341
219.489
231.016
219.227
235.53
219.319
225.014
217.948
222.788
214.942
212.234
208.193
223.299
214.966
215.243
207.659
218.64
207.935
212.51
204.892
212.972
204.778
211.333
202.518
213.954
201.204
208.605
206.448
209.78
198.847
204.396
200.097
207.178
198.784
203.873
197.73
208.277
199.056
205.013
198.358
206.748
194.482
203.43
194.867
209.748
193.97
203.317
193.237
203.212
192.571
201.579
194.539
199.64
192.203
201.983
191.539
200.142
194.512
201.896
191.564
196.145
193.318
197.772
190.618
198.979
189.246
198.778
185.793
197.736
192.142
197.432
190.447
199.304
191.7
201.537
188.903
201.748
193.18
195.774
187.687
198.32
191.198
198.866
191.101
195.552
186.918
200.11
186.167
194.979
186.953
197.256
187.549
195.317
189.456
197.858
187.697
194.644
188.91
198.758
189.496
193.644
186.579
197.002
187.025
196.499
184.458
194.489
184.761
195.625
182.724
193.32
184.84
191.367
186.934
191.583
184.865
191.664
187.172
193.152
184.478
192.271
185.352
186.574
184.326
188.856
185.066
186.558
185.425
189.163
181.917
189.725
184.324
190.641
183.398
189.176
184.773
189.519
181.092
190.268
183.404
189.107
181.143
189.204
181.024
183.926
182.322
187.284
183.321
186.676
181.277
187.957
183.756
187.407
182.832
188.352
185.159
192.069
183.421
186.146
183.211
186.897
182.845
186.972
183.185
185.999
185.261
184.142
182.493
187.345
182.964
182.384
183.55
186.905
181.931
187.456
184.055
186.929
183.043
185.676
185.376
185.174
182.458
185.359
185.129
188.413
182.784
185.033
186.109
183.736
182.362
185.851
182.566
187.681
182.772
183.813
185.937
186.182
181.706
185.845
183.259
187.405
183.703
183.272
181.512
184.41
184.357
185.798
180.621
187.976
185.293
182.839
179.446
187.096
182.501
185.616
180.026
187.507
182.248
188.402
183.393
185.576
185.519
186.518
181.88
182.476
185.352
179.07
173.993
152.281
147.735
159.007
157.101
146.3
135.201
128.331
130.671
127.315
122.712
121.625
119.468
114.416
114.136
110.466
109.091
106.794
105.386
106.261
104.412
105.426
102.574
101.072
100.224
97.2709
94.7849
95.8622
95.9162
96.392
94.6341
95.1788
97.0736
92.5605
90.0363
91.081
91.8724
91.3156
89.1397
89.1629
86.7858
88.2784
87.4544
87.7337
85.5317
84.8026
84.581
87.2067
85.3566
83.5065
83.6387
84.149
85.9479
84.2039
83.8212
84.175
85.7756
83.8417
83.8445
84.1872
84.1173
84.3026
84.6965
83.4851
82.4218
85.2356
85.4646
84.148
84.6108
84.7691
83.0642
82.5074
82.2775
80.8101
82.3613
81.7291
83.1173
82.1909
82.1127
81.4851
82.9479
84.8101
85.4944
84.9451
82.879
82.9497
84.2737
83.5363
83.7449
82.1536
81.3222
80.4544
79.7439
80.6499
81.0903
82.892
81.1713
82.1583
81.0661
81.6462
82.3231
82.5764
80.6927
82.1676
81.6853
82.6797
82.0475
81.8194
82.1844
81.6955
81.5661
82.4488
82.5028
82.8641
82.6071
82.3389
81.5428
81.7551
81.1182
79.2412
81.1052
80.1415
80.4507
79.8641
79.0503
79.4358
78.7244
77.7523
78.6089
78.9069
79.2393
79.0186
79.5093
78.8538
78.7542
78
78.1378
78.5773
78.7793
79.2793
78.9479
77.325
77.0745
77.9991
77.9823
78.392
79.6667
79.6574
79.8818
78.7868
79.1862
79.2188
79.2868
79.257
78.8184
79.8836
79.1201
79.5084
78.7533
79.0698
78.0568
78.1397
78.4441
79.4432
80.0363
77.8063
78.4106
77.352
77.1872
76.9693
77.3715
79.5764
78.8333
79.5168
78.6238
78.716
79.0279
78.8194
78.8929
79.9749
79.3473
78.2672
79.716
79.6518
77.5764
77.5121
77.2169
77.5605
77.6723
78.7188
78.6471
78.1788
79.1397
78.0484
78.0531
77.7933
77.3864
79.6741
78.9832
78.4367
77.9507
78.1434
76.9609
77.906
75.8436
77.094
78.148
78.0149
79.5223
79.4972
79.7924
80.9693
80.7784
79.9507
80.5912
80.0708
80.5214
80.527
81.5317
83.5875
82.7058
85.2449
84.1508
83.1853
82.9339
83.419
82.0512
82.3175
83.0438
82.7579
84.0736
84.2328
83.0587
82.4795
82.6089
82.824
81.9451
82.5074
83.3575
82.973
84.2272
84.1462
84.1844
83.8017
84.0345
84.9032
83.8715
82.5298
82.3538
82.8054
81.7281
81.6909
82.3724
82.1881
82.4451
82.9842
82.851
83.9171
83.6965
84.5549
84.2709
83.5764
84.8734
84.459
85.3622
85.1806
84.3305
85.7626
83.4795
83.4358
84.5028
84.0242
86.7495
88.5372
88.6304
87.676
89.0196
87.7225
88.0503
88.6704
89.3399
89.8175
89.5661
90.5354
89.8268
87.3669
87.6313
90.0931
88.595
89.73
88.608
89.3203
88.8128
88.0791
88.7449
88.1555
89.6089
86.595
88.1909
91.1071
91.4628
90.6369
90.4311
91.7905
92.4143
92.1369
91.1434
92.2803
91.8203
91.2291
93.6229
93.8175
91.9255
95.8194
93.3082
95.0326
96.2412
95.878
97.4525
96.6155
96.4339
99.2058
98.6024
100.793
98.6927
99.5279
100.421
99.6313
172.126
251.5
239.175
253.906
255.625
267.852
259.504
265.155
246.971
263.02
254.39
257.213
253.298
256.112
252.237
253.182
237.581
242.365
239.171
242.395
230.911
236.791
224.717
236.568
221.131
231.438
220.821
232.276
220.557
227.271
216.198
223.095
210.412
224.134
211.951
221.37
212.629
217.099
213.158
218.358
211.252
213.969
211.271
212.193
209.639
217.367
205.892
214.589
208.258
216.662
206.46
213.167
205.436
216.349
203.673
211.142
202.914
212.885
202.774
207.777
200.422
211.57
199.887
203.135
201.38
207.155
204.005
208.962
202.933
208.517
200.384
205.891
200.999
205.236
196.024
206.091
200.885
205.751
196.777
206.32
204.817
203.394
197.157
205.492
199.121
204.207
198.651
204.88
200.899
200.937
192.48
208.28
200.806
204
194.168
207.462
197.074
204.941
192.36
201.762
196.617
201.602
194.424
202.774
197.279
203.619
195.694
203.224
193.705
202.816
196.816
201.211
196.38
197.783
195.709
201.325
196.754
199.122
194.198
203.385
193.709
201.521
190.787
199.065
191.261
203.887
192.953
199.918
191.378
202.87
189.724
199.381
191.425
202.601
190.63
195.004
193.899
201.225
189.601
199.96
191.35
198.463
188.51
197.692
191.736
198.455
191.752
198.656
192.09
197.261
191.115
195.281
193.484
201.225
192.026
196.619
191.082
200.824
192.273
197.497
192.592
201.335
193.217
196.739
191.697
197.54
189.004
197.441
191.994
197.034
192.793
195.96
191.548
198.564
192.859
194.411
193.176
195.834
191.664
198.647
191.631
197.134
191.283
196.263
194.565
197.104
190.799
195.002
191.734
195.586
192.02
197.783
193.701
195.642
192.185
199.433
193.938
198.114
190.076
199.114
194.332
195.128
192.576
194.61
195.388
193.056
193.131
192.596
191.448
194.82
191.001
194.085
194.377
192.723
191.243
196.335
189.977
193.731
190.906
195.916
192.459
194.994
192.662
196.366
190.867
194.338
190.542
196.201
190.984
196.127
190.628
199.053
192.653
197.557
195.418
198.211
192.453
198.715
193.384
201.337
194.868
199.159
191.199
198.746
193.041
196.366
192.994
198.428
193.133
195.282
192.137
186.926
181.151
162.177
166.675
175.813
169.157
157.886
150.122
141.022
145.527
142.811
140.952
131.306
127.063
121.113
118.696
115.526
113.349
111.516
107.862
105.437
105.492
100.511
100.051
99.6415
100.182
99.7588
97.9786
99.6313
96.0093
94.892
95.6099
93.162
92.2784
90.1834
90.7682
89.9655
87.8296
86.0345
85.7896
86.2505
86.5652
84.6788
84.905
85.8063
84.3752
87.2747
85.1266
85.4507
86.7933
86.5093
82.8911
81.0428
82.5885
81.8501
81.6257
80.9879
80.4413
80.6648
79.0829
81.3659
80.3836
82.1248
79.4013
80.3324
79.811
79.4134
81.9274
79.3426
78.1415
79.3063
79.1266
78.8883
79.7542
78.5642
78.5875
79.6797
78.8613
79.054
79.7393
80.1788
78.9069
79.1182
78.1164
79.1927
77.8473
79.3957
79.1778
78.3231
77.0335
77.3315
77.6089
77.2142
75.7635
76.4562
76.2253
76.7123
77.0838
77.6034
78.3818
76.2812
76.6387
77.7467
77.8184
77.6378
75.8222
76.2076
74.7132
74.2551
74.9721
75.9637
76.203
74.5531
75.1983
76.0615
75.622
76.7644
74.1024
74.2635
74.8575
75.878
77.8547
79.3845
80.7858
78.9693
78.4339
77.5717
77.3492
77.6127
77.919
77.297
78.311
78.0456
77.3035
77.5
78.1415
78.9041
79.2058
78.6155
79.04
78.9655
79.8501
79.1359
78.2998
79.1238
78.5074
79.2328
78.7635
78.811
77.5074
78.0717
78.7309
77.0456
77.8566
77.9218
76.1406
75.8911
75.7756
75.8026
75.9385
76.2803
75.2002
74.8883
74.5521
74.6304
75.2663
76.1965
75.8045
76.1397
77.04
77.1667
76.9078
78.1173
78.6369
78.4795
79.0475
78.3305
78.3743
79.3445
78.2663
78.7374
79.2244
78.1834
78.8408
77.459
77.2235
76.8566
77.3799
77.1937
77.0149
76.4413
77.0456
76.4814
77.176
76.0289
78.1862
78.4032
77.8864
79.1192
78.3445
78.9274
78.2914
78.9739
79.4413
79.7048
79.8045
81.2076
79.9274
80.2374
80.5372
80.635
80.9609
81.1611
80.9618
81.0829
81.8287
80.8976
81.7086
81.4032
80.0922
79.5428
79.365
78.8175
79.7942
78.9115
79.527
79.1583
79.4814
79.6024
78.6052
78.7682
79.5717
78.8203
79.2542
79.1369
78.8371
79.3547
80.6434
80.4749
80.1136
79.419
79.9553
79.9991
80.4115
81.0438
79.933
79.5466
79.8575
81.6406
80.1313
80.757
80.2374
79.5829
80.8426
80.9814
80.365
81.2588
81.4097
81.9674
82.4832
81.1006
81.9534
83.2151
82.595
80.5112
79.7384
80.4786
81.4004
81.0754
81.0866
79.824
81.3696
81.6927
80.5596
80.0866
78.8808
80.5279
79.6136
79.4385
80.7551
80.6937
80.2709
80.5382
82.5372
82.5084
82.6145
82.4935
80.7644
80.3101
81.703
81.3166
80.9609
82.5028
81.4786
82.2505
82.3408
83.6304
81.6108
82.3101
83.9618
82.1527
81.77
81.9739
79.9879
81.3296
81.4497
82.5158
82.0121
82.2756
83.1657
80.4395
82.6611
82.0493
81.4143
82.9777
80.8492
81.7728
80.973
80.7142
83.2132
82.094
82.0261
80.7123
82.2682
83.149
83.8594
82.108
81.5894
82.4088
83.1145
82.595
81.4143
82.8128
83.3222
83.6136
84.1145
84.5047
85.9311
84.905
86.6713
84.9795
85.6453
86.2961
84.0056
85.757
86.2337
87.3492
87.7831
85.6927
84.8836
84.8166
83.9795
83.5689
86.176
86.2663
85.9078
86.7616
87.6601
87.5717
87.4153
88.9004
91.4916
93.487
95.4814
96.9972
98.4972
97.7207
97.013
100.119
