49.8166
82.3231
85.595
90.4041
89.0633
98.0568
95.6276
96.7039
89.7188
86.2896
87.4683
91.1248
90.1415
95.148
85.4115
93.3315
85.851
87.3613
79.8026
87.3091
82.2831
83.7542
77.1173
84.1462
79.0065
83.2076
72.1192
90.1164
74.7048
80.5391
74.0307
80.8557
77.2216
77.0475
70.9544
76.2533
74.4143
76.3343
74.4702
75.4339
75.2421
71.7095
71.7514
72.7253
71.3259
69.2039
70.3408
73.9451
72.5214
71.7151
69.6927
73.7914
68.1127
69.9395
66.6806
71.122
67.8426
67.6471
62.2793
67.1536
66.9767
70.3082
68.433
71.5912
69.7635
68.1276
66.3343
70.6732
69.6201
71.2318
68.9488
68.9916
69.284
70.4413
66.3594
67.8408
69.0345
70.3836
66.3007
66.8957
67.3939
67.7439
65.7952
65.202
67.459
65.3743
66.8883
66.7356
63.1834
65.9171
64.0968
63.7952
64.4572
65.0987
64.6192
62.9674
62.487
64.2104
61.2616
64.1099
61.7179
64.2914
60.5819
65.0875
64.9236
63.9851
62.1248
63.5233
61.216
64.149
60.4376
60.9274
61.8389
60.8436
59.0466
62.8371
61.9013
64.4879
60.1508
63.1639
63.2821
64.5102
60.1611
64.6136
61.4721
64.432
61.5037
65.959
65.9069
65.2337
62.8585
66.2216
65.4069
64.2793
63.0084
65.2765
65.9181
64.8277
63.4683
65.3389
65.7467
63.5102
62.4283
65.986
64.2914
62.5782
64.9553
63.094
63.5652
59.9218
61.9162
60.1406
61.3892
62.2737
64.8082
63.203
61.5866
62.2467
59.2477
62.0475
61.7542
58.6732
59.6145
60.3724
57.621
57.9246
58.8715
58.865
59.5531
59.6872
60.3101
62.3678
62.6508
59.9423
60.2114
59.5559
59.8752
57.3706
58.6024
58.8873
60.621
59.9842
59.4348
61.1574
58.0456
58.3715
59.8957
61.1173
59.9022
57.1816
60.3957
57.622
59.8222
57.6601
58
57.4302
58.7523
58.6406
59.4385
61.4693
59.3287
58.5335
59.0931
60.5466
57.1741
59.1341
59.6834
60.1061
59.8855
60.2533
59.0968
59.5279
58.8305
59.703
61.0056
60.4236
60.9395
58.7095
58.8389
59.4115
61.1657
59.1201
59.5307
59.3687
57.9069
59.5503
58.8939
60.027
59.986
57.0531
58.1955
58.9795
59.1723
56.9274
59.0177
59.4553
59.7188
57.6546
57.5261
59.0559
58.1434
57.8659
57.2737
61.46
59.6006
60.6518
58.8352
58.6453
56.3827
61.4199
59.2253
58.4916
54.6257
53.5223
49.2039
54.4358
53.1238
52.3026
47.5382
45.3128
45.9898
45.1378
42.9944
40.5754
39.9888
38.7142
38.9088
37.6229
38.5819
38.1052
38.1527
38.5102
36.6788
37.4311
36.3343
35.9749
37.3054
36.5493
36.716
35.7272
34.5922
35.0307
35.095
34.6387
32.7458
33.8231
33.4646
33.0754
33.0857
32.3613
32.8669
32.1182
32.0391
34.2672
33.8976
32.2067
32.3715
32.1155
31.6387
31.6862
32.0912
31.8464
32.2421
31.1313
31.675
31.3976
31.2449
32.2952
32.1639
31.8827
33.0177
33.067
33.1034
34.4488
33.4125
33.2393
32.8575
32.6061
32.6723
33.4804
32.9963
32.0279
33.4367
34.9199
34.1592
34.9637
34.7561
34.392
34.3873
34.3883
34.2784
34.5335
35.2514
35.8138
34.9367
35.3603
35.8976
34.6397
34.324
35.0168
34.2225
34.1043
34.9106
34.7486
33.5521
34.4814
34.7896
34.8631
35.2737
35.5931
36.1527
36.8454
35.6909
35.5196
35.5736
35.1043
37.2635
36.7346
37.2784
37.2514
36.6453
35.8082
36.0158
34.9274
35.2486
35.6601
35.257
35.2449
36.5196
35.648
35.8119
35.0261
34.6341
35.1471
35.5158
35.8101
35.1127
36.7114
36.3659
35.9953
35.5847
35.6769
35.7188
35.9022
36.0615
35.5875
35.5484
36.5177
36.7598
35.973
36.0298
36.5605
36.4246
37.8119
37.0233
37.6676
37.203
37.852
36.6387
37.338
37.3454
38.0521
38.5112
36.7179
37.9534
38.1173
38.1946
37.4246
37.8333
37.9088
37.8492
38.0158
37.6061
38.0307
38.0466
37.6741
37.3082
36.8436
36.9264
37.3855
37.0447
37.3445
37.2104
37.162
38.8454
36.9646
36.9981
37.4413
37.7784
38.3212
37.7626
37.1378
37.3408
37.5177
38.2374
37.7132
38.3845
37.6816
37.8315
37.1965
38.2076
38.2086
38.9432
39.3268
39.1024
38.1462
37.6993
38.8771
38.175
37.7318
38.4069
38.8184
39.378
38.6676
40.4944
39.7486
38.7644
39.0233
38.5912
39.0642
38.4637
39.8939
39.1425
39.4227
39.0112
39.23
39.2505
39.851
39.5475
38.8426
40.1061
40.9004
40.6248
40.3017
40.7793
41.4097
41.8547
41.7663
41.2924
41.9171
41.5223
41.3101
41.1425
41.2244
41.176
41.5354
40.9777
40.8464
40.9749
40.8566
41.0968
41.3948
42.419
42.1965
42.6201
42.0372
43.0996
43.6415
43.3752
43.9497
44.0456
43.1974
42.0438
41.9013
41.649
41.8827
41.8482
41.9479
42.0158
42.4348
42.1778
42.0959
42.2104
41.3911
41.5466
42.5624
42.567
41.4898
42.419
41.1061
41.2207
41.3464
41.1052
41.7197
40.649
42.3035
40.7756
41.4767
41.3445
41.0559
41.0214
42.0698
41.7281
42.4088
42.3845
41.9264
42.4125
41.5531
41.7048
41.9367
42.8287
43.1788
43.1499
42.8138
43.9134
44.1965
44.905
44.8659
45.4804
45.3399
44.0251
43.1061
45.081
45.2356
46.094
45.7449
46.919
46.4963
48.4898
50.0857
54.4525
81.0791
84.8101
93.2784
90.3361
93.716
95.6872
92.054
92.7412
91.4758
91.0652
90.1993
85.635
90.3799
88.1993
88.3706
84.9786
85.2346
79.5317
86.9628
83.4581
85.0093
73.986
82.3762
75.0698
75.4441
72.175
80.8119
70.9097
74.8724
71.9832
81.0112
71.7691
74.9451
73.0829
78.7216
73.3957
74.1024
68.3436
73.3473
73.3352
71.2672
67.9814
71.4534
70.3212
71.6499
68.1043
71.7449
68.135
68.9302
63.6695
69.6685
69.2896
70.5922
64.8873
69.6657
64.6006
70.2896
64.7682
71.1872
66.3464
71.0885
63.3371
67.8529
65.9609
63.3538
62.5484
68.9683
63.1592
64.7263
61.0903
67.0996
64.9264
66.5177
60.3222
66.4879
62.013
65.7067
62.4777
65.3417
61.9413
63.2402
60.3492
66.4181
63.6648
66.6397
62.8901
64.2281
60.541
62.7346
62.9572
61.5475
61.0475
62.6331
59.2542
60.0233
60.1024
61.1713
60.8231
62.5493
58.824
61.5186
58.0894
60.9832
60.486
61.2914
58.1155
63.4581
62.2384
63.5484
58.8911
61.5596
62.5121
62.3929
59.3678
63.3985
60.568
60.5112
59.2467
60.2514
59.5689
61.4553
59.4209
63.2924
57.5214
61.4218
55.1816
60.6248
56.3864
57.6378
57.2905
59.7058
55.6685
57.1592
54.4609
59.1304
56.0279
56.0801
56.4153
61.3603
56.3352
58.9553
57.4115
59.3827
57.8818
58.2039
56.676
59.9069
57.7216
58.1117
56.5782
59.1918
58.7616
59.513
59.0428
62.6648
58.5037
56.6657
55.2747
60.0307
54.3063
55.568
55.6927
61.5698
56.0419
57.811
54.4264
59.1555
57.0056
57.2365
57.9423
60.4618
57.5605
58.2672
57.3901
59.5028
57.5093
58.0801
56.4534
59.2439
56.2393
59.8547
54.8287
58.8613
57.3473
57.5158
54.9693
60.5559
56.2384
59.392
55.757
57.6816
55.0605
57.6127
54.7933
57.0363
54.3529
57.838
55.6872
56.2142
55.5205
58.5354
56.3752
58.3845
54.7803
58.7337
57.3808
59.081
56.3641
58.6248
55.2439
56.8156
55.5242
57.4553
55.6397
58.7477
55.9767
58.0326
55.4395
57.7346
55.284
58.594
54.243
60.8631
56.4655
57.9739
55.8799
60.0466
56.9199
58.1453
53.5223
58.6629
56.2076
57.6937
54.2151
57.5158
55.6778
57.2989
52.541
58.7877
53.9153
58.2439
54.702
56.5847
54.5717
57.6629
52.0894
57.3454
52.8315
53.9162
50.4655
50.6294
51.8399
47.7263
47.0019
49.7663
48.3929
46.9628
43.1415
40.7365
41.567
42.1387
40.2775
40.1052
41.7374
39.919
38.7328
39.473
39.0261
38.4115
37.9991
37.5661
36.595
36.7924
36.2523
36.2607
36.0987
34.757
33.0708
34.5736
33.6676
36.4637
34.0652
34.3333
33.2561
33.9227
33.3864
32.4665
32.9274
32.3138
32.4637
33.6909
33.6229
32.5642
32.3026
32.1397
32.986
33.2858
33.4125
32.3836
33.3268
32.7207
33.1397
33.1881
33.3566
32.608
31.8939
32.2197
32.0196
31.8622
32.1415
32.798
33.0521
32.8585
33.0549
33.8222
33.0754
33.013
34.338
34.0791
33.878
34.3268
34.1723
33.9125
35.2142
34.2607
33.5801
33.4469
33.4553
33.6499
33.0912
33.2337
33.689
33.0056
32.8734
34.446
34.121
33.4097
33.5596
34.0512
32.6415
32.9972
32.9618
32.9134
32.743
33.1909
32.96
32.5354
32.6564
32.8529
33.3538
33.3203
33.3762
33.0512
33.1462
33.4655
33.7765
33.973
34.2142
34.9088
35.1266
34.0047
33.8948
35.4907
35.6648
35.5456
36.4851
35.6229
35.5447
36.4004
36.1601
36.9097
35.6313
36.3007
35.7393
35.4013
36.5372
35.919
36.1443
35.9218
35.9376
36.027
35.6546
36.4115
35.824
37.2216
36.946
37.1899
36.378
36.9488
36.7458
36.7486
38.0661
37.8864
38.6099
37.8687
38.3594
38.5326
38.9441
37.9562
38.6872
38.1872
38.0959
39.1192
37.9255
37.9702
37.6518
39.0773
39.0493
37.9618
38.2263
38.4544
38.4078
38.3678
38.9097
38.6825
38.7309
39.352
39.3445
39.0447
38.9879
38.7225
38.7272
38.622
38.8669
38.9898
39.0587
38.8622
39.0866
38.5782
39.5074
38.879
39.0661
38.8538
38.8985
39.4739
39.2784
38.797
40.4041
41.0838
40.9953
40.5791
40.3976
41.352
39.8212
40.5959
39.2486
39.7365
40.8138
40.1741
41.1983
40.5028
40.8687
40.9786
40.8259
40.4832
40.8287
40.6462
40.4143
40.0186
39.9041
40.9423
40.1685
40.0642
40.1741
39.9041
40.2905
40.2933
40.5912
40.2393
39.9358
39.9432
40.0605
40.3771
39.4395
39.5968
39.5382
40.9646
41.9358
41.5037
41.3771
41.4534
40.5186
40.8082
41.4311
40.446
40.6713
40.3007
40.6937
40.2924
40.095
39.8892
40.2914
40.1397
40.6397
41.2682
42.4767
41.9525
40.4376
40.8799
40.6806
40.2607
39.6657
40.0363
40.5047
41.0345
39.852
39.5121
39.7402
39.757
39.4777
39.987
40.7439
39.5847
39.9991
41.5726
41.9171
40.905
40.4497
40.4879
40.5931
41.0084
40.3296
40.5838
40.4432
39.8845
40.0922
41.5251
41.5912
41.5773
42.5037
42.1834
42.4423
42.2775
43.4143
43.2961
43.5009
43.0345
43.4385
43.1657
44.6741
44.9916
44.581
45.0335
44.4814
43.8855
44.1276
44.1108
44.2849
45.2858
45.0317
45.378
44.1667
44.5335
44.1508
44.1285
44.7765
44.3389
44.6164
44.2858
43.9162
43.9125
44.8482
45.6201
45.3994
45.8454
45.77
48.7086
48.2244
49.1993
50.3073
49.9246
50.46
49.5568
48.1155
48.0307
48.8994
51.0996
49.878
51.6462
52.0019
52.0196
52.1378
54.095
53.6108
52.0661
52.7588
53.3985
53.6304
53.0633
52.662
52.7095
53.2142
54.9292
55.4404
57.7914
57.7635
57.1127
58.2067
58.7216
57.6974
60.9395
59.3371
60.7123
62.1927
62.6238
61.5233
61.5931
62.675
61.2235
53.1993
81.2076
84.4218
86.8101
93.0689
88.3417
95.0847
91.7756
91.2896
89.7942
86.4274
91.7495
88.8929
91.8538
84.8045
92.1983
87.2644
84.054
79.6248
85.7486
78.1127
83.9041
76.4404
80.8883
75.8147
80.1508
75.2737
77.1909
73.6034
76.5782
72.2467
79.0121
75.2793
75.297
74.7616
75.3873
72.5521
79.3734
72.0587
76.122
73.1443
73.7374
70.4367
72.9572
70.4013
73.4302
69.3296
70.0335
69.8315
71.8277
70.6266
72.135
71.2002
73.6304
70.9674
71.4143
68.8678
70.1881
68.9516
69.6173
69.3035
71.2682
65.6331
68.459
67.5512
68.8678
64.3315
71.4171
66.5074
68.7588
64.9581
69.3864
67.8641
66.77
66.4004
67.3082
63.6099
66.3566
63.8696
65.8464
63.5121
63.1006
62.0996
63.9255
64.4264
65.216
63.8371
63.4236
62.6667
62.9665
61.4981
65.2616
62.4572
66.5279
62.3566
65.311
59.7561
64.7244
63.8473
63.8408
63.8473
65.9665
64.8408
64.9348
63.5354
65.0661
63.1639
65.8315
62.6639
60.1667
62.2095
62.9907
62.2858
64.2421
61.7691
64.7365
58.5056
64.2095
61.9721
64.5764
63.9199
64.1648
61.2356
62.4069
57.4767
61.0009
61.852
61.7058
58.2039
62.2784
62.4581
60.622
60.1713
59.6117
62.3315
60.0577
59.8818
60.9246
62.5
60.8696
58.9749
61.2393
60.9171
61.4451
61.5484
60.1806
61.1629
58.5922
60.7188
59.8184
60.9702
61.0428
59.4013
60.9227
59.5298
60.54
58.5186
60.2449
57.6397
57.3324
57.8762
59.4646
54.6378
58.1527
56.3557
57.7942
57.4162
56.6024
55.6611
56.8175
56.3389
58.8492
56.2076
57.7011
56.8827
57.4311
54.784
56.298
57.3557
57.7775
54.9348
58.5345
55.0931
57.3575
55.5056
57.1778
56.8426
58.959
54.5391
56.9562
55.0279
57.5968
55.0615
59.2169
55.3873
59.379
54.9441
58.7477
56.5298
60.121
56.162
60.3845
55.6508
62.121
55.3678
59.094
56.9935
60.5875
55.3119
61.1667
55.3669
62.9441
57.9972
59.1667
57.3194
60.8631
57.4143
61.0847
60.8277
60.2402
58.2942
62.1192
58.7514
61.041
56.9609
61.6927
60.7998
61.5596
60.5065
59.4283
57.9246
60.6555
59.3045
59.7169
60.162
59.2737
56.1229
58.2393
56.5503
59.7663
56.0047
60.1629
56.8268
60.406
58.6415
58.932
58.4264
59.2616
58.3603
59.905
58.7365
57.473
53.5056
49.6238
47.7821
52.0261
49.2458
48.54
44.1471
41.5996
41.689
43.4088
41.6229
40.4609
39.2663
40.1257
40.9451
38.0717
39.8138
39.7886
38.8827
36.9153
38.4618
36.5521
36.7616
36.4041
35.1006
35.2933
34.0428
34.1406
33.4777
36.7542
34.0466
33.3641
33.6806
33.5307
32.5466
31.1294
31.7616
31.2626
32.3883
34.0577
34.6536
33.1313
33.0493
31.6546
32.6155
32.6285
31.6834
32.9637
31.9143
32.1387
32.6676
31.9032
31.5624
30.7048
29.9143
30.2216
30.0391
31.2384
31.9888
31.0801
31.8119
33.824
33.1071
32.2533
33.0531
32.3138
31.3855
30.9916
30.9739
31.0745
30.7244
30.5922
31.568
31.621
31.3994
31.4181
31.432
31.7467
31.0019
30.8445
30.3883
30.865
30.0978
30.9106
31.2523
30.6806
30.6965
31.0205
30.4441
30.4721
30.5615
30.5968
31.5912
30.6965
31.5354
31.2095
30.7831
31.081
31.757
31.6723
31.5298
31.77
30.9693
32.4236
32.0577
32.7495
33.9041
34.0149
34.2831
34.054
35.6899
32.9953
32.8473
34.067
32.4823
32.6117
33.4134
33.2942
33.2709
32.7635
33.8771
34.7793
34.7709
34.3156
34.0298
34.4898
33.8194
34.9804
35.3101
34.6434
34.8352
34.8399
34.378
34.7197
35.5354
35.2449
35.6639
36.1387
35.4935
37.0112
37.0177
36.6611
36.6974
37.8706
37.189
37.162
36.3557
36.5661
36.0996
36.5102
35.703
35.9097
35.3678
35.9795
35.946
35.987
35.5708
36.1983
36.3901
36.0484
35.9898
35.7449
35.8566
35.7235
36.3212
36.2207
35.621
35.5168
35.1592
35.7225
36.0912
35.7365
36.014
35.5158
35.6304
35.6741
35.4674
35.5009
35.4851
35.3101
34.8641
35.0456
35.7263
35.5931
36.0009
36.1108
36.4367
36.3017
36.3026
36.5987
35.9944
36.2048
35.8268
35.6471
35.7663
36.4218
37.7858
37.1918
36.784
36.8063
36.9804
37.3603
37.0903
36.7551
37.5764
37.3305
37.3352
38.1713
38.5186
38.8706
39.3128
39.3343
39.2002
38.9739
38.987
38.6425
39.2896
39.6341
38.6443
38.378
37.3371
38.6806
39.1825
39.1034
38.5736
39.5186
39.4823
38.5875
39.2849
38.9981
38.4628
40.5819
38.6555
38.1248
38.7989
38.0009
39.4981
38.27
37.8389
39.4963
39.0531
38.635
39.1182
38.8315
40.8045
39.5922
39.3026
39.7709
39.4423
39.0549
40.5484
40.3966
38.933
39.2235
39.2877
38.7458
38.7048
38.7896
38.6294
39.0475
38.919
38.3101
39.1955
39.4143
39.5922
39.5801
39.4637
39.1629
39.3613
39.4907
39.6294
39.1816
39.2123
38.9879
39.1862
38.9665
39.2318
39.2626
39.4544
39.7691
39.581
40.5
40.6164
40.4683
40.6741
40.7002
40.7989
40.3296
39.6108
41.0009
40.6182
41.4199
42.8762
42.3929
41.7952
41.432
42.0102
42.6397
41.3706
42.6937
41.4097
43.6844
44.0363
44.1313
44.6899
45.5019
46.1387
45.8622
46.0363
44.3873
46.5009
50.1695
48.6555
46.8445
46.5372
47.419
48.648
49.2905
52.2421
78.4302
84.4767
91.5205
92.8231
91.0745
91.9628
91.0242
93.4385
93.0186
91.797
92.9665
88.2542
92.6108
88.2663
91.8622
83.5447
87.4143
83.3743
89.0736
82.4497
87.2877
79.0689
83.7123
78.5289
82.7151
73.2561
82.7737
77.7225
79.3138
73.54
80.1425
76.8138
79.378
73.4907
77.8091
74.5242
74.2793
72.5661
72.5242
73.7663
73.4125
75.7616
74.8762
71.6555
70.8454
71.1955
71.7067
69.3166
74.9944
69.5112
74.3315
70.5372
71.3976
66.0764
73.9832
68.3948
70.5512
68.0968
73.6536
69.473
70.2449
67.9888
69.8631
69.2952
70.0885
68.2756
71.3464
69.7486
69.3855
66.1769
69.4749
67.3287
70.6341
66.6899
71.1378
65.554
67.2849
66.3762
68.6536
62.5289
67.406
62.3892
67.6834
63.6089
63.9162
64.865
63.8836
59.1806
61.1248
60.3976
64.2542
57.9264
61.0391
61.9544
61.1499
61.1769
61.6182
57.6574
60.1601
60.1983
63.8529
60.1834
63.9544
62.3268
61.0931
61.6238
62.6797
61.6453
62.7775
60.7207
64.2291
62.0372
62.23
58.0708
59.906
61.2514
61.9832
62.8399
64.4302
62.7095
62.8305
59.8361
61.2868
60.3771
62.04
64.1695
65.1136
63.23
62.8482
60.3836
61.7523
59.5298
60.9404
59.702
63.0484
60.3259
61.0577
60.838
59.7393
57.4534
60.5512
60.6229
62.9926
60.3743
62.6285
58.1797
60.5158
57.8883
60.9991
61.6918
64.108
61.1974
61.0363
63.1695
61.1359
58.6648
59.6918
60.3073
61.621
59.6052
61.1192
57.6453
59.5503
57.1248
58.7328
55.4581
60.0279
57.9497
60.4404
59.3296
61.162
60.513
59.5819
59.6899
61.4302
60.7663
60.4358
58.6899
60.2402
58.9981
60.4162
58.3883
60.4283
57.9814
61.8566
59.135
59.7225
57.2505
59.4162
56.7067
59.7142
61.1555
61.1983
61.202
60.879
58.1806
59.7542
56.3035
60.1546
53.6089
60.3715
59.0931
60.0605
56.2095
57.7514
57.2505
60.3073
55.6546
59.4981
57.7495
62.3063
56.9823
59.5885
55.9804
59.2914
57.8873
62.7039
60.6276
62.8669
58.7244
60.2607
59.2104
60.635
58.1788
58.3706
60.2849
59.8324
60.5866
62.703
60.3818
61.6257
57.1564
58.0251
57.9088
60.325
58.2318
62.054
58.46
60.6238
56.905
58.7356
56.8436
57.067
56.7579
58.6918
58.6061
57.9628
58.3818
61.798
59.0959
56.7067
54.3473
50.4441
50.8343
52.4991
50.689
49.406
45.0084
44.5456
43.9711
42.9721
42.4749
41.4032
40.325
40.6397
39.851
37.9907
37.7253
37.4804
37.0857
38.8138
38.203
37.9609
38.8184
38.0754
36.9451
36.1006
36.0354
36.5568
36.2514
36.1304
37.1499
35.8706
35.1508
35.0009
36.3631
37.7328
35.5773
34.8482
34.6937
34.4963
32.9134
33.5903
34.0372
32.9385
33.2439
33.6266
32.6778
32.3994
32.6313
33.8054
33.0372
32.176
32.5493
32.7188
32.1006
32.8259
33.6415
32.4991
31.6248
31.5335
32.6034
32.5978
32.8892
32.7477
32.0335
32.7132
32.2728
33.3101
33.4972
35.2356
35.2784
34.7384
34.7253
33.7561
33.8417
32.4758
33.9451
34.6359
34.8222
34.0689
34.0168
33.6667
33.8184
33.9162
33.0782
34.0056
33.7272
33.27
33.2235
33.4032
33.7886
33.4432
33.4516
33.8296
33.1825
32.9423
33.7337
33.7076
34.5503
34.9246
33.8883
33.9199
34.7654
34.9106
34.9609
35.0037
34.4479
34.4218
34.6965
35.7588
35.568
35.2942
34.9339
35.9544
35.2896
35.6732
35.1499
34.3836
35.6359
35.4935
35.3343
34.3445
34.8184
35.5037
34.8994
34.7914
34.23
34.4618
35.0391
34.2691
34.568
33.9674
34.4171
35.081
35.3101
35.1192
36.7756
35.5782
35.6304
35.3259
35.0205
35.1462
34.9292
35.4777
35.4283
35.675
36.5074
35.9088
35.8063
35.2272
34.892
35.9395
35.0438
34.9227
36.3799
35.9851
35.3529
36.0577
35.8212
37.379
37.1657
36.77
37.7058
37.1462
37.5009
36.406
35.5838
35.7989
35.9693
35.5736
35.1667
36.7626
36.6341
36.1536
35.9572
36.4581
36.0801
35.7672
35.7384
36.7561
36.067
36.2439
35.4646
36.4264
36.2132
35.9302
36.5112
36.7523
37.6285
37.3147
37.5968
37.7765
37.2439
36.6732
36.595
37.2588
35.1071
35.9171
37.7691
38.094
38.1471
38.2616
38.1182
37.595
37.9292
37.2831
37.8315
38.3845
38.2505
38.6881
39.7551
39.5214
38.6341
39.5903
39.4385
40.527
40.2709
40.6201
40.2561
40.527
42.0996
42.3799
42.4078
41.4497
41.4879
41.581
41.73
42.0233
42.2346
41.2076
41.3473
40.8417
42.081
42.662
41.7607
41.9283
42.1583
41.8855
41.5289
41.7747
42.3585
43.3501
42.9004
43.0428
42.8762
43.3855
43.8864
43.7542
44.0251
44.0056
44.3696
44.6043
44.8371
45.9106
45.4693
45.5829
44.5047
44.1462
42.7132
43.3827
43.2421
41.8026
42.7197
42.2207
42.1713
42.4385
42.9264
42.3063
41.7914
42.851
42.2877
41.9022
42.1732
42.446
41.9469
42.4274
41.7793
42.6462
42.379
42.4143
42.4376
41.9376
43.149
43.4758
43.8147
43.8883
44.568
43.1927
44.2402
44.986
44.8659
45.378
45.3175
46.2952
46.9078
45.2682
45.2607
45.8287
45.4134
46.6853
45.986
46.662
47.5568
46.8976
46.7793
47.7616
46.9134
46.6546
46.5549
46.4097
46.3333
45.9898
47.406
47.513
46.1825
48.5503
47.3538
48.3529
49.9013
50.3752
49.6723
52.0503
50.2821
51.0512
49.8687
53.581
54.9032
58.2505
53.648
82.7104
89.8464
89.8119
92.4804
92.3045
91.5978
98.8026
93.2086
95.2663
92.2384
92.4935
90.6546
93.6192
90.8194
88.2142
82.9991
87.716
84.8305
88.4199
79.3976
87.4767
80.8371
84.6508
78.4693
81.4274
77.4348
82.7328
75.3259
78.6378
75.4767
79.7709
76.1527
77.6099
74.4665
76.4758
72.2607
76.9311
73.2523
75.0251
69.4581
75.5959
74.3156
73.2924
68.4926
77.0764
74.2225
76.9562
67.324
73.6816
69.6108
69.0475
65.5922
69.0121
69.4069
69.2216
65.0354
71.0112
68.595
69.6667
66.23
70.027
65.703
69.4516
63.8696
68.8454
63.3026
66.7356
61.0447
72.6266
62.6974
67.2132
57.9274
69.2812
57.9739
67.6704
57.7384
69.1583
58.7114
67.0885
56.0987
64.3436
61.3324
64.568
59.8585
67.3222
61.1788
63.8622
59.6127
64.1825
59.2104
62.9292
60.2598
64.5009
63.3873
63.0009
58.3091
61.4823
59.9553
61.189
56.8864
62.3473
59.2579
61.4795
54.325
62.7291
60.3156
61.9804
55.4618
63.6378
59.6061
59.4944
56.7784
58.7849
55.9199
59.3445
54.7356
58.3473
53.8417
57.3212
53.6471
53.6071
53.3948
56.2076
55.0158
56.8426
55.2169
52.014
52.9218
53.824
54.2104
54.162
53.9711
56.2337
52.9469
55.3873
51.6993
54.4786
56.3631
54.311
56.1629
53.7626
54.4013
51.1248
52.0428
51.7458
52.3482
52.6378
53.2561
54.5009
54.3622
53.4851
52.5866
51.8212
52.6173
52.7821
55.0726
55.959
54.4367
51.3575
56.4786
53.0047
54.4926
53.5261
55.7412
60.4655
56.6778
59.7942
53.2114
56.9488
53.8119
57.3613
57.6797
60.4264
56.7281
55.7654
55.3622
55.6695
55.5717
56.4385
56.5661
58.1564
55.2011
54.6648
52.8678
55.702
53.1788
54.2263
55.7756
57.9358
57.1136
53.1108
53.6574
52.3966
54.7635
53.2905
53.1155
55.2039
57.8101
57.7169
55.1369
53.7551
55.4041
55.5549
56.148
55.2533
56.9022
54.8492
57.0568
55.4004
55.0317
55.7011
53.3687
52.9534
53.9525
55.2002
51.0875
52.9078
52.175
52.9963
51.8073
53.027
54.7225
51.9516
52.5289
53.5074
51.3892
52.3203
53.4804
54.757
52.7784
55.4283
51.6508
52.6406
51.6536
53.3957
53.0847
53.8734
53.3696
55.3929
53.0633
52.4311
54.6341
52.4097
52.9069
52.9628
52.9888
54.3547
52.6006
54.6182
52.4479
53.4125
52.9898
51.7877
49.9767
51.3035
48.8492
47.8017
46.8417
45.1425
45.6564
45.7933
43.9395
44.122
43.7514
44.0754
41.0922
42.1695
40.5996
41.5382
41.3818
38.8361
39.324
40.3762
39.3603
38.5745
37.0484
36.8492
37.4721
37.1155
37.0801
37.9786
35.8203
36.7756
35.5894
36.4907
35.9898
36.3929
35.1304
35.5289
37.2831
37.2756
34.7132
34.6164
35.1359
33.406
33.2886
34.3007
33.9581
33.7775
34.0391
33.3641
33.4926
34.0736
34.7169
36.122
36.3231
34.9618
35.3324
35.6955
35.527
35.7188
35.635
35.5214
36.811
36.2291
35.6015
35.5102
36.0912
35.7644
35.3557
35.8836
35.9907
35.6415
35.6425
35.4106
35.7989
34.9972
34.1806
33.7495
34.7235
35.6555
35.7775
36.7505
37.5652
37.352
37.7495
37.3994
37.6974
36.7933
37.148
36.4171
37.3808
38.4786
38.3538
37.9292
37.4693
37.3957
37.5447
38.77
38.2747
38.4665
38.1229
38.1443
37.5056
39.5484
39.0326
38.3212
38.5894
39.6946
38.7858
39.1127
38.5056
39.0978
38.3594
39.2328
39.2216
38.8259
39.0773
38.3883
38.1844
37.8566
37.27
37.4944
37.1844
36.7812
37.2048
37.2244
37.1276
37.3026
37.9339
37.9926
37.6797
38.5791
38.4041
39.0996
37.8529
38.5317
39.2291
39.0959
38.9302
38.8194
38.5587
38.4097
37.1993
37.4972
37.6844
37.5158
37.8361
38.446
38.0484
38.2728
38.3101
37.9525
38.2914
37.9963
39.8501
39.6006
38.9888
39.2356
40.1806
40.567
39.5912
39.8501
40.7924
39.7914
40.0466
39.8892
39.7756
39.0214
38.9488
38.9991
40.4935
39.1071
39.4581
39.1946
39.2775
39.3566
39.2812
40.4413
39.8408
40.2877
40.2384
40.4488
39.5894
38.6574
39.3138
38.4628
38.3538
37.9749
38.5493
40.3147
39.6155
39.2067
39.7421
39.892
39.4181
39.5866
39.6657
40.1155
39.703
39.649
40.1834
39.6611
39.8845
39.8333
39.7402
39.3966
39.446
39.6564
40.3734
40.3585
40.0903
41.3762
41.2719
41.067
41.7449
41.2216
41.8063
41.9823
41.0959
42.0177
41.0689
41.905
41.3669
42.0782
41.6453
42.23
41.7095
41.4106
40.1276
40.5289
40.5345
39.3845
40.0875
40.298
39.5419
40.6071
41.2495
41.5754
41.4302
42.4562
42.3063
42.6322
42.5642
42.9032
42.8343
41.2765
41.2784
43.2151
42.6182
42.9162
43.0791
43.4385
43.1024
43.0391
43.932
43.8966
43.7998
44.3054
43.8017
45.1555
44.6453
44.3547
44.2328
43.9385
44.2691
45.6685
44.135
44.473
43.7663
43.4767
44.8305
44.878
44.5317
44.459
44.6313
47.0829
46.8222
46.8203
47.702
46.6574
47.3752
47.8557
47.9646
49.6462
48.784
48.5568
48.1583
48.9004
49.0978
47.243
46.9516
47.9674
48.3529
49.5857
48.5149
49.8399
51.9497
49.9665
49.6816
53.041
54.4143
55.3026
58.8948
59.3482
60.0968
62.3007
60.0754
59.1918
49.8166
82.3194
85.3054
89.8492
88.6806
98.9236
94.4199
98.5819
88.7337
85.8399
87.148
92.2961
91.1583
96.5773
85.4851
90.5633
87.7542
86.7439
77.8603
91.2933
84.7896
82.2309
76.7765
83.1136
78.1676
78.5978
74.4302
82.2439
76.1806
79.2412
73.2272
78.3566
76.649
76.5177
73.2933
79.2998
75.1099
74.554
71.9935
75.1006
74.27
71.5708
68.7123
72.3296
68.3138
69.7644
67.1974
71.5726
66.4032
73.3957
70.4423
73.351
64.6937
71.1769
67.3482
67.8082
65.04
68.4153
66.1881
66.7933
64.622
68.9581
67.3352
70.1099
66.6797
69.4404
67.3045
67.3194
63.3743
69.1834
65.7858
71.8222
67.5503
69.8063
67.7235
69.4004
66.1685
70.3389
67.2812
67.9655
62.7095
65.8994
65.0335
67.6629
61.4628
67.4358
64.4525
66.8734
63.216
65.7905
63.9069
65.2896
61.1574
65.5568
62.8399
64.1518
62.4432
63.1797
59.041
63.567
61.7737
64.1145
62.1527
67.1713
61.3929
63.8929
58.8836
61.797
62.0084
64.4162
60.7914
64.5419
60.7104
64.892
60.1685
61.9264
59.7942
63.1899
63.2952
64.8808
63.1899
63.4358
61.892
62.3445
58.3976
63.6052
61.973
66.7374
64.3073
64.4106
63.0521
64.095
60.4358
64.5968
63.7607
65.5047
62.7709
65.9646
59.6639
63.9562
60.7616
66.851
61.7002
64.3669
62.1927
63.3063
61.8557
62.2412
62.1564
62.5764
61.4264
63.3194
61.7374
62.3911
62.1965
60.8147
61.8175
61.8035
61.1629
61.365
59.514
61.2551
60.8175
59.4674
59.4022
60.6862
58.8752
60.2709
60.7793
61.0745
61.8147
61.513
59.9395
60.9823
58.9423
59.7961
62.2356
61.4311
60.1788
57.6778
59.865
58.2868
58.7579
60.1825
59.378
60.6173
61.1723
61.4581
55.8547
57.7412
58.906
58.148
57.527
58.933
58.2858
59.0791
58.3045
57.9646
56.8696
57.9991
56.6927
58.7952
61.0605
59.9181
60.8575
61.8482
58.5689
60.5829
60.1993
60.3827
61.3101
62.135
60.2709
59.9572
59.0596
59.4302
59.3957
57.5391
59.3045
60.3734
60.5196
59.2076
62.0242
59.1387
60.2933
60.7868
58.7542
58.7682
60.4479
60.8045
59.7821
59.1145
58.7402
58.6322
57.7365
57.4879
60.2654
60.284
62.8259
62.2495
58.8669
59.4441
58.5791
59.9292
57.5196
60.1657
60.2309
63.4693
59.8073
61.5419
57.6732
57.905
56.4162
53.892
51.3557
53.3734
55.6136
48.986
47.2235
44.4786
45.5065
43.3631
42.6387
41.5289
42.7747
38.5112
40.9609
38.8017
38.8482
38.3501
37.6359
36.9097
38.2253
37.8929
37.5056
36.0168
37.4004
38.095
38.9534
37.3128
36.433
35.8799
34.9432
35.4683
35.6778
35.1732
36.7579
36.3836
36.4246
35.1536
35.2365
35.2933
34.9581
34.9069
34.8175
33.6955
34.338
34.3901
34.8985
34.8799
34.3073
34.7551
34.5391
34.081
34.1601
33.77
33.5801
32.8212
32.5791
33.8594
34.0624
33.9823
34.5512
33.8929
34.3734
35.014
34.3156
35.8101
35.2616
34.6704
34.1164
36.2477
35.8268
35.0587
35.4125
35.8734
36.1611
36.6266
36.2765
35.8128
35.933
34.8669
35.7598
35.2114
35.2709
34.8892
35.1192
35.1555
34.8985
35.3324
34.9907
35.0074
34.4218
35.1927
35.2356
35.6983
34.959
35.2067
35.0307
35.3268
34.96
34.9944
34.7616
36.6136
36.0531
36.9749
37.392
36.8315
36.4572
36.2896
36.3538
35.933
35.5028
36.2728
36.4497
35.4479
36.0074
35.8007
36.0047
35.6341
34.7682
34.3948
34.3184
34.54
33.8966
34.4236
35.0056
35.852
35.6238
35.5121
35.1369
35.3678
34.7439
35.094
35.3864
34.7635
35.3277
34.7244
34.6629
34.3501
34.4832
35.1462
34.77
35.2803
34.6322
36.1862
37.0102
37.0102
37.3715
37.6117
37.1965
36.9814
37.4432
35.6378
36.648
36.8128
36.7328
37.5223
36.9292
37.2011
37.9916
37.0149
36.703
36.1201
36.0857
37.4358
36.8808
37.3873
36.5577
38.0922
37.4553
37.4721
37.2691
37.3054
36.6983
36.5903
37.1313
36.459
36.3445
36.9767
37.514
37.4209
36.9376
37.5093
37.9162
37.3836
37.2235
36.9274
36.8045
36.5382
37.0428
36.8277
36.6918
36.5335
36.1732
36.0726
37.108
37.1574
36.8007
37.2849
37.7775
37.2579
37.4423
37.7914
37.5996
37.4739
37.7067
37.5009
37.9981
37.838
37.041
36.7048
36.7393
38.1881
38.8324
39.2803
37.9432
37.6024
37.9674
37.3156
37.352
38.4339
37.7933
37.7095
37.9022
38.541
38.0354
38.1639
38.3408
38.622
39.1453
38.2858
38.7616
39.0875
39.4088
39.5223
39.4376
39.3296
39.702
38.8901
40.1071
40.1089
40.4721
38.7207
39.5521
39.2076
38.0065
38.8752
38.2123
38.8454
37.8939
37.6723
37.6359
37.6713
37.5326
37.6006
39.2719
40.7365
40.2533
39.5624
41.3762
40.4721
40.6127
40.2318
40.1592
41.8445
41.5428
41.459
42.067
42.6034
43.2235
43.0223
42.5279
43.2784
42.9385
42.9832
42.6946
43.203
43.8259
44.0866
43.9721
43.0354
43.1099
43.9385
43.6266
44.0987
45.3343
44.514
44.5698
43.8101
43.8669
43.9795
44.2495
44.6387
44.2393
44.3557
43.9171
43.8864
43.9674
44.0559
44.7281
44.7719
45.0484
46.8566
48.9339
48.7709
48.7691
47.0885
47.4674
47.0642
45.784
45.3976
45.5372
46.1862
48.4711
48.135
48.189
51.3622
51.9553
52.1778
54.4525
81.1546
85.2998
93.1853
89.1285
93.5652
95.7365
93.0717
91.7626
91.8939
89.7067
90.3771
85.4348
90.7756
85.3585
92.3017
87.6993
86.2346
81.7579
86.0661
82.8305
85.0363
78.5791
81.4488
74.1788
75.0764
71.8259
83.7998
73.6546
78.0372
71.8585
80.8957
75.2393
77.7188
71.9981
77.8054
74.1434
76.675
68.851
76.0074
71.9097
73.3985
70.4022
72.2495
71.5251
70.4227
69.4274
75.9069
71.2821
71.8138
67.1499
69.2067
68.8594
67.5521
66.1639
71.5233
69.1425
69.014
67.8566
70.325
69.0037
71.2905
66.5093
67.8557
66.5959
65.9069
63.0838
65.5708
65.6443
63.6844
62.8287
69.1564
65.0028
66.3352
62.554
68.8203
62.6248
66.1862
60.3352
66.9432
64.121
66.7561
61.7533
65.4963
63.1359
66.0512
63.1499
65.1862
59.4544
62.1546
58.9441
64.7384
59.2142
61.2747
59.5968
62.6778
59.9507
63.986
58.9497
63.5335
60.2765
63.3371
61.406
63.1695
60.933
60.6769
58.2737
63.6778
59.9758
63.554
61.4721
64.135
60.6192
62.6238
60.1331
62.0559
58.7868
64.1788
58.6937
61.7151
57.3985
60.8073
58.7793
63.6462
59.4907
63.0261
57.0326
60.4143
54.5801
59.879
54.0242
58.6583
53.7328
58.6806
54.7542
60.5074
53.3566
53.7523
55.3119
57.7719
56.7086
60.4181
56.2291
60.7225
55.7114
57.203
57.7756
58.0661
57.5968
60.8445
58.6015
60.148
55.852
57.23
57.0875
57.2849
58.7058
60.3911
57.595
58.5279
55.8669
58.7551
57.3082
56.8734
57.2253
61.3343
58.0233
61.0503
57.5875
59.3939
58.8808
58.9134
57.8175
59.7067
58.0615
59.7523
56.6974
57.6341
55.8641
56.9479
55.4991
59.7104
57.0466
59.1387
55.1611
58.8482
56.0028
59.1639
56.2477
59.4544
58.0317
59.9683
55.6723
57.8101
55.4953
58.0577
56.1155
58.2114
55.6909
57.325
54.392
56.3268
55.905
58.1508
55.702
57.3911
56.7346
56.9907
56.3529
58.7682
56.432
58.1341
56.513
58.5875
57.5419
58.9525
58.7933
60.7952
57.0326
58.1397
54.9088
56.9153
56.3063
59.9153
56.9525
57.4022
57.3985
56.2151
56.1397
56.7644
54.96
59.121
57.7058
61.4646
55.879
56.8426
54.9264
57.9767
54.5801
55.6713
56.5019
58.7849
55.379
54.9348
54.6499
53.3622
55.2784
54.5466
54.3957
54.7104
53.7672
53.7114
52.406
47.7244
48.6192
48.919
48.7523
47.0186
43.1974
42.0335
42.4972
42.8147
40.5885
38.041
38.27
37.8147
38.5205
37.1527
37.8957
38.1909
39.4199
37.9562
36.8696
36.3473
36.3845
35.4926
35.1937
35.0345
34.3296
34.4739
35.4469
35.4022
32.6685
34.0689
33.1955
32.8091
32.3082
31.8436
32.5456
31.9953
32.4022
30.7877
31.0475
31.2346
31.1872
30.6834
32.4181
31.9953
31.2346
32.0615
31.0503
30.6397
30.0009
29.3985
30.04
30.8305
32.2821
32.216
33.3892
34.0559
33.9171
33.3371
32.1741
32.7719
32.7644
32.8222
32.3156
32.8538
32.4432
33.4227
32.2039
32.2868
32.0205
31.6769
32.5512
32.6955
32.3724
31.3045
31.6574
32.5577
32.2244
31.6071
32.1629
32.0223
31.8315
31.7179
31.7076
32.1108
32.0363
31.7598
32.0158
32.5168
32.4898
32.3426
33.0605
33.1015
32.4218
32.6024
31.9823
33.1182
32.662
32.0028
32.7523
32.0549
33.3482
31.8985
31.7253
31.3836
32.0223
31.6862
32.0773
32.3315
32.7207
32.4032
32.9013
33.9339
34.5642
35.1499
34.2877
34.7849
34.7225
35.095
35.0791
34.9553
36
35.068
34.6387
34.0438
34.068
34.419
33.9823
33.6285
33.7179
35.1946
35.3203
35.4553
34.3864
34.4832
34.3752
34.9469
35.6555
35.4916
35.2328
36.6397
35.906
37.257
35.932
35.9749
36.4991
36.0912
35.8594
35.6732
35.8641
36.0847
36.405
36.9292
36.6592
36.5261
36.6117
37.0866
35.932
35.7058
36.2449
36.1229
36.406
37.0047
37.2654
36.7281
36.7216
36.487
35.9628
37.0996
36.8473
37.2039
36.9916
36.9088
36.6359
37.6527
37.9022
37.7402
37.6499
39.013
38.5149
38.8827
38.5978
38.8631
39.3175
39.2263
38.2458
37.6099
38.1974
37.9078
38.1425
38.1909
37.811
38.0345
39.1788
39.0978
38.9032
39.8585
39.9972
40.4581
40.0335
40.0978
39.0363
40.1518
42.1983
41.3156
40.9488
40.9078
41.6192
40.5922
40.3678
40.2449
40.2197
40.6629
40.3585
40.9646
40.4972
39.8352
40.4683
40.2048
40.8063
42.6024
40.9199
40.46
40.4907
41.8976
41.9674
41.7607
42.1173
42.1918
42.0754
41.7737
42.0009
42.6006
41.2393
41.1471
41.3864
41.3426
41.0438
43.2253
42.4851
42.1695
42.1639
42.1853
41.013
41.257
40.8873
41.0894
41.7467
41.6685
42.3445
42.8408
42.5596
41.8277
42.216
41.1946
42.7561
43.9991
43.6844
42.6006
44.4097
43.9804
43.5875
43.2579
42.9451
43.932
43.9609
44.6406
44.1425
44.2998
42.2179
43.3091
45.4953
45.1778
45.4767
43.5335
43.4898
43.1024
42.6713
42.8873
41.9032
42.5996
43.1071
43.8976
42.4777
43.9507
42.8454
42.5419
42.1061
42.5084
42.8622
43.2365
43.4497
44.1294
44.7812
44.2402
44.419
43.4572
44.4739
47.1052
43.8007
45.3678
46.433
47.9339
47.7821
50.6508
51.7914
54.0149
53.1993
81.3035
84.7709
87.2058
92.392
88.1667
93.3678
90.8138
93.2272
91.3073
84.648
90.7365
86.5047
91.8622
82.6713
88.7989
85.9376
84.3091
84.2225
90.1937
80.0186
85.2346
77.4777
80.0549
79.2803
81.1536
78.4497
81.5084
75.2048
80.7225
75.1723
82.5149
75.7914
81.0698
77.0922
76.1508
74.5624
77.0484
75.1341
75.9795
73.716
72.4069
73.8315
72.8631
68.9898
73.2877
70.581
74.1304
70.2793
72.6229
70.175
73.0419
72.4311
72.1583
71.4469
71.5158
69.3575
71.6378
69.8119
70.0801
69.7533
68.162
67.4665
69.3715
66.8529
70.1834
66.7765
71.973
68.0754
68.432
66.6899
68.0959
66.8007
68.6937
64.7691
65.8538
64.9628
66.6862
65.2858
66.4358
64.3808
66.784
64.6667
66.675
63.8818
66.9227
63.4981
66.5307
63.4013
66.9451
62.8575
69.0912
65.7514
67.7933
63.5196
66.7393
66.5596
67.6741
64.2458
67.5912
63.7914
68.4423
66.2877
66.0596
64.4348
66.2719
65.2095
66.7728
64.7002
64.5074
63.0093
62.8184
60.4162
63.4022
62.9292
63.176
62.2086
65.176
62.4395
64.3631
61.6015
62.1508
60.2058
62.2104
60.0493
62.2533
59.3063
61.9209
59.6257
63.3268
59.3371
61.7207
60.8315
62.5503
61.3128
60.6238
60.46
62.1453
60.1117
61.6397
60.6872
62.5242
61.162
62.1508
62.7486
61.243
63.9767
64.8054
61.1741
62.0624
61.2356
62.9125
59.8277
63.8408
60.4218
63.9935
59.7197
60.5764
56.9916
60.9432
59.4069
60.7281
56.352
64.8473
59.3845
61.8333
55.324
60.2346
57.6089
58.8445
58.1108
62.1313
58.1555
59.4581
56.8929
61.5605
57.9115
59.2179
57.1406
62.8305
59.0968
60.5531
58.7644
61.1927
59.9311
61.0084
59.7114
61.9022
59.7998
59.365
60.162
62.3706
58.5987
59.7421
58.7821
62.1089
59.1844
61.9888
58.2505
60.0326
58.3687
61.3222
59.4115
62.3436
59.027
61.6089
60.9823
61.4358
58.9758
58.3724
59.8566
60.3538
58.405
60.1909
58.5847
60.9507
56.932
61.0214
56.7765
60.8883
58.0009
61.3268
59.8724
59.6015
59.0214
60.7579
60.1369
61.3771
58.8873
59.1192
59.1443
60.9199
59.2505
57.6583
59.1769
60.878
58.2225
59.0354
58.8063
60.9209
56.5475
59.7123
59.0168
59.0372
57.9432
59.1844
59.8743
60.4162
55.3752
56.5698
56.879
56.108
55.1341
50.4423
47.0019
49.6853
48.5857
46.7756
43.1769
42.0503
43.5866
42.5922
43.3631
39.0205
39.5847
38.8538
38.594
38.4963
37.1704
38.4171
37.9181
36.4907
35.6769
34.567
36.0214
34.6499
35.5503
34.4553
34.9618
34.2104
35.5894
34.9069
34.0652
33.8436
34.2551
34.7635
33.5447
33.8706
32.7598
33.1974
33.2346
33.5819
34.0987
34.1248
33.6499
33.5689
32.7644
32.3911
30.7607
30.9842
30.6601
30.8389
31.4823
32.7114
31.3883
31.2142
30.7048
30.7905
31.5568
31.3594
30.3287
31.8315
31.4972
30.8994
32.1034
30.7821
31.0531
31.3836
31.5456
31.0177
31.2067
31.1788
32.703
31.3799
31.7942
30.906
30.8808
31.5074
31.3538
31.486
30.8417
31.5689
31.2896
30.7086
31.6304
31.6788
30.8184
31.1164
31.6043
31.3901
31.4236
31.5363
31.3994
31.1443
31.054
31.5587
31.2346
30.8734
30.7477
31.2132
33.243
32.6248
32.2793
33.1946
33.2337
32.5
33.1499
33.4497
32.9842
33.3892
32.3547
32.5978
32.325
32.9739
32.2337
32.4218
32.0912
32.3268
34.1629
33.9469
33.4134
33.797
33.5186
34.4209
33.6453
34.1685
33.5354
33.9367
33.9683
34.2765
33.1648
33.4488
33.8538
33.2384
33.9702
34.108
33.649
33.1527
32.9134
33.0829
33.6844
33.8203
33.2114
33.2179
33.3156
33.5475
33.0196
33.4991
33.4823
33.2728
32.9814
33.8715
34.8473
35.0764
34.2458
34.567
33.8622
35.3399
35.7197
35.3622
36.2896
36.0065
35.9041
35.5251
36.1331
35.0987
35.8687
35.5363
35.7272
35.7067
35.7365
35.4199
35.5736
35.0978
35.8259
36.176
36.4348
36.6881
36.3622
36.3911
36.2216
36.4888
37.4516
37.2086
37.3352
37.5149
37.27
37.1471
37.014
37.3324
36.7402
37.2458
36.4153
36.5261
36.7076
36.5819
36.6601
37.8417
38.4115
38.0829
37.7905
38.2924
38.0503
38.0074
37.9926
37.6927
38.0847
37.9851
37.8659
37.986
38.0866
37.4628
38.0903
37.5335
37.9795
37.5642
37.662
38.3417
38.3799
38.4078
37.5736
38.027
38.0391
38.1881
38.3007
38.8892
38.8948
39.203
39.4479
38.8222
39.1574
39.9171
40.0838
40.0549
39.2886
39.2616
39.7393
39.135
40.2886
39.5438
39.4358
39.041
39.3818
38.7942
39.176
39.4842
40.0615
39.8687
40.2775
40.7179
40.175
40.4786
40.3482
40.5978
39.9795
39.8082
39.6266
39.6108
38.9972
37.8501
37.8389
38.1173
38.9609
39.9088
39.7197
39.5531
38.6639
38.5456
39.4385
39.5186
38.9767
39.5065
39.7775
40.0624
39.7142
39.6127
39.0708
40.7216
40.2551
41.4097
39.9162
39.8948
40.6816
41.4171
40.4423
41.6378
40.7449
41.4618
39.8408
42.081
42.6685
42.4525
41.987
42.1322
41.5698
41.9088
42.2542
41.4972
42.7132
42.3352
42.3762
43.6741
44.8808
45.175
44.6825
46.0093
45.4823
44.4311
44.8222
45.6071
46.8678
47.5493
47.7561
49.067
49.7626
54.5615
52.5158
53.311
55.568
58.1061
52.2421
78.4823
84.4469
92.5894
92.6974
90.9683
92.1592
91.2123
92.0196
91.8752
89.6806
93.8026
88.6546
91.2104
87.8399
91.4404
86.0764
87.7672
86.7337
87.5633
79.1173
84.932
79.6778
84.8724
73.987
80.2449
74.8128
79.4348
72.8156
83.2002
75.1629
76.2086
73.9153
75.6574
73.0978
74.7998
72.4814
72.703
73.1909
69.1993
71.4981
74.6844
72.7598
72.9395
70.2654
74.3752
70.2002
71.8836
67.8408
74.5326
70.527
73.3557
65.4004
72.8603
68.0773
68.6965
67.4125
71.2142
68.6518
70.4926
67.7905
68.9376
66.8017
66.7263
65.8734
67.9814
67.4339
67.7914
64.4367
69.3222
66.4777
67.068
65.2253
69.9618
63.9181
66.5223
64.689
65.6825
62.2672
68.7067
61.9385
66.2421
62.8529
64.9134
59.3734
63.6285
60.3501
61.9525
61.4758
59.8594
58.4339
60.4432
58.7691
60.6108
59.2458
63.0875
56.9665
61.4665
61.027
61.798
58.6499
62.7737
64.4674
64.8985
60.6518
62.9655
57.9879
60.973
58.3175
63.8538
57.0885
62.7626
60.2142
63.4423
60.3706
59.5335
60.4972
61.1276
61.9721
61.1285
60.1276
58.3436
59.9926
60.0698
58.203
59.365
60.46
60.1192
57.9916
58.4851
58.148
60.433
59.0894
61.0345
60.3268
60.5419
58.7309
59.9292
56.3873
60.7952
59.2132
62.3613
59.8063
58.3641
57.7719
58.9879
58.8268
60.297
58.0428
59.959
59.1899
61.0624
59.2849
57.8063
58.3529
57.3268
59.1238
60.2924
58.6564
59.081
58.4143
58.689
57.5726
57.7924
56.4581
59.2365
57.3855
59.0326
56.0037
56.2914
54.2635
54.7123
56.1583
57.6136
57.0996
57.2067
56.0112
58.4525
56.6676
57.379
54.4525
59.0894
56.9758
59.379
57.3445
56.3957
55.9674
56.6304
54.8966
55.5382
56.5112
55.4264
55.5261
58.7067
55.5382
59.4451
55.5624
58.648
56.9339
58.622
55.3594
56.7877
55.5242
55.2709
56.4525
54.581
56.1006
56.9162
55.1741
56.433
56.7318
58.2942
54.446
57.6415
56.3101
61.3026
55.1704
58.1322
55.6797
56.3426
54.905
58.3901
57.3939
58.7076
59.6164
57.2421
57.1378
60.9348
54.3482
59.054
56.216
60.0121
59.4106
60.7439
59.1527
59.7151
56.2486
57.3333
57.0968
56.176
56.6574
60.6024
58.4572
58.0736
56.0745
59.5801
57.2663
56.8799
54.2486
57.4749
55.5214
55.4879
53.0149
50.1155
49.5242
50.8948
52.8473
46.7067
46.54
44.9507
44.8399
44.9413
45.1546
42.9544
42.3492
41.3091
39.5223
39.2393
38.2737
37.6453
38.6704
38.6825
37.9283
38.3547
38.1294
37.0196
36.9283
36.1155
36.0819
34.9525
35.5521
35.1704
35.2644
36.1173
35.6508
34.9451
34.2765
35.9078
35.0857
35.2644
34.2253
34.0968
34.9143
35.3361
33.3417
33.2533
33.4758
33.284
32.6527
31.7439
32.4292
32.5289
33.1713
31.1192
31.3007
32.1983
31.7728
33.1583
32.0559
31.568
33.5047
31.9702
32.3287
33.1769
32.3864
33.0047
32.0419
33.1937
32.4227
33.3631
33.5363
32.1797
33.8119
33.5968
34.9041
35.5158
35.2616
34.2067
34.4283
34.0419
34.189
34.4283
33.3771
32.6797
33.3194
34.1434
35.0326
34.8771
34.8613
34.2123
34.3166
35.4888
34.9088
33.9162
33.567
33.8855
34.3324
35.1257
34.7533
33.6453
34.2719
34.3063
34.054
33.7989
34.7086
34.581
34.2421
33.8743
34.4227
34.3566
33.8547
33.7439
34.7505
33.8687
34.3184
34.7616
34.3734
34.2151
34.2877
35.6983
35.5549
35.6899
34.3408
34.3678
34.7821
34.5428
34.6117
36.3119
35.6313
35.621
36.8566
35.7682
36.0484
36.1555
36.0102
35.8287
36.1117
36.149
35.8669
35.7132
35.743
35.9944
37.2123
36.7039
37.6276
36.8296
36.7896
37.0214
36.5987
37.1797
36.9758
37.2039
37.3203
37.5298
36.8669
36.7225
36.2635
36.3901
37.1285
36.8724
36.8073
36.5624
36.3622
36.6043
37.0112
37.3166
36.8883
36.9832
37.0335
37.1648
36.9786
37.662
37.5
37.0791
36.987
37.1639
36.8063
37.7169
37.1853
37.2402
37.4879
36.5801
37.2421
37.0521
37.0074
37.3883
36.5251
37.23
36.3818
36.2998
37.0531
36.0978
36.2272
37.0065
36.9423
36.4451
37.4013
37.7318
37.9711
37.8985
37.2858
38.1592
37.8687
38.5037
37.3156
38.7514
38.6788
38.2942
38.432
38.0577
38.5559
38.2793
39.7225
42.5559
40.9367
40.2477
41.2626
41.1201
41.1257
41.0391
41.1182
40.9665
40.3222
41.1937
41.7356
43.6769
42.9078
42.3315
42.8175
42.392
42.5019
42.2672
41.1704
41.7002
42.1536
42.1238
42.0438
41.6639
42.216
41.9655
42.3259
42.1583
42.2011
42.405
42.0903
41.4171
42.6034
42.2058
42.1266
43.202
42.9525
43.6108
42.6499
42.9488
42.8706
42.5903
43.568
42.743
41.9907
42.8948
42.6862
43.0912
43.2151
42.5791
43.8939
43.8892
43.6844
44.0754
43.7765
43.8138
45.0056
45.0391
43.7384
43.5447
43.3287
43.1527
44.0577
43.6909
43.9758
44.7365
44.8045
44.8277
44.9013
44.8231
44.9795
44.8603
44.0764
43.9972
43.1229
43.3827
43.2719
45.0885
44.3566
43.798
44.2793
45.6155
45.3566
44.6238
44.1862
44.8156
44.9032
43.9916
43.8063
44.0745
44.3799
44.9525
47.2924
48.7803
48.5391
49.7663
49.6965
51.7151
50.635
51.6555
53.5289
55.1182
55.784
56.5633
56.7998
59.5754
53.648
82.7579
89.5391
89.8762
92.4879
92.4078
90.3436
97.7952
94.135
92.9479
91.1266
92.4721
91.8389
93.8054
88.5615
89.8166
84.4544
87.2877
85.8333
89.5149
82.1983
86.3901
80.1043
86.7086
78.3231
79.0326
79.4125
81.067
75.4395
80.5531
75.8901
78.6704
76.4218
78.8175
74.8389
74.2169
71.9022
74.6024
72.4236
72.392
71.2924
73.9423
69.1946
72.8361
67.6983
71.4814
71.6927
72.5382
68.7346
68.3222
68.648
67.9749
66.7263
68.9004
67.3957
70.9702
69.3855
69.8939
66.7179
70.1071
64.0959
67.0093
66.3501
68.8771
64.4134
70.0624
61.0419
67.7709
60.3752
70.1397
57.1909
64.6415
58.3622
66.8482
58.3166
65.0894
58.7812
66.2225
64.7225
64.5354
62.6508
63.0084
59.2142
61.3259
61.3762
65.1145
60.6704
63.9078
59.7076
60.8985
58.581
63.8976
61.2598
62.54
61.2542
60.9348
62.1508
59.6145
56.5382
59.513
60.0009
64.0615
54.6657
62.5456
58.4888
62.3091
55.9879
59.622
57.1583
61.4376
57.1108
58.5223
57.1285
59.2514
55.7905
56.4115
55.3333
59.3426
56.433
56.2169
55.1229
52.7812
53.1872
53.9851
53.0466
55.0186
55.8184
56.3799
55.7644
52.8994
55.6639
53.4683
55.4311
54.5549
55.6685
56.6546
55.9367
54.7253
54.4507
54.5009
55.365
55.4134
54.3929
56.3343
55.7579
54.2458
54.3436
52.3948
52.9264
52.7886
55.7514
54.0242
53.9879
53.9739
54.6229
52.4013
56.2644
55.4795
56.7449
55.7561
56.4804
55.6965
56.5019
53.5838
57.7421
54.4264
57.4944
54.8082
56.135
56.5903
56.6266
55.1508
58.3566
55.2682
58.4786
54.3436
56.1872
56.6629
57.4311
52.581
56.9162
54.4525
56.9171
53.9348
56.3436
53.2216
54.9022
51.9832
56.3855
54.4935
56.3911
53.6704
55.5214
56.1238
57.2309
54.014
55.9516
55.4013
58.2291
53.7579
55.851
57.4367
55.4348
54.8641
56.8743
55.6639
56.5745
52.9507
57.7858
57.3799
57.5829
55.1304
56.3547
54.6294
55.2858
53.9451
52.6899
56.5345
52.9721
55.0065
53.2272
54.662
54.7235
53.7318
57.3939
56.5419
56.0633
55.0745
54.8585
51.9758
54.2821
52.9711
55.4851
55.7207
53.8603
55.2756
53.5447
53.1313
51.9236
51.0978
55.4525
54.7114
57.0084
54.6872
56.0065
53.1583
54.3454
52.2896
55.8138
53.9432
55.8687
55.7309
53.1704
52.2263
48.5549
52.6918
49.0624
47.9497
48.3641
46.5968
47.5698
45.6462
45.4534
45.1024
43.9628
42.3659
42.1145
43.541
39.6844
39.1462
39.1965
39.2952
38.1918
37.9246
37.1313
38.3911
38.3399
37.0047
37.041
37.2169
36.9804
37.0307
36.0177
35.4004
34.4227
34.0102
34.581
34.4134
34.5484
35.1359
35.7235
35.5345
37.3901
35.621
36.2309
35.9218
34.8231
34.5363
34.0251
34.2318
34.4385
34.9097
35.406
34.7896
35.2104
35.5242
35.8883
33.9199
34.9432
33.8063
34.4693
33.9246
33.9572
34.8939
34.9302
35.1732
34.379
34.6853
35.3669
34.2076
34.933
34.8966
35.4562
34.9069
35.081
34.5838
34.4944
35.1071
34.5782
35.6574
35.4553
35.594
35.2095
35.2924
34.9441
35.8324
36.3948
36.9181
37.3082
37.5354
36.7775
38.2244
37.5642
38.621
37.7952
37.0186
37.8976
38.3985
38.0438
37.9395
37.8706
37.459
37.7672
37.7551
37.986
39.0177
39.1601
38.6182
38.3268
39.6993
39.3678
39.4013
38.9926
38.2523
38.2505
38.4143
38.6899
38.041
38.121
37.9451
37.7309
38.0382
37.3939
37.6946
38.0503
39.1145
39.2216
39.5233
38.27
40.1601
37.6294
37.5093
38.6257
36.5568
37.9432
38.7039
38.2393
38.6127
37.9115
39.0168
38.9032
38.9991
39.108
38.8966
38.9367
39.4423
39.9395
39.7709
39.8138
39.8818
39.7486
39.365
38.3399
38.8017
38.3305
38.8696
38.4311
38.7169
39.0326
39.6453
39.3436
39.3128
39.5242
39.4888
39.8091
40.77
39.5624
40.0559
39.892
39.2737
39.0047
39.3361
40.1117
37.0307
40.2821
39.284
40.6508
40.2896
39.8222
38.689
39.5382
38.7635
39.2486
38.4907
38.8631
38.8873
38.8939
39.7216
39.5978
39.8464
40.1294
39.5559
40.5065
40.2412
39.8073
40.6415
40.8724
39.7495
40.1844
40.1527
40.6685
41.4823
41.7551
41.6713
40.8827
41.6322
41.4665
40.7197
41.0056
41.4423
40.4814
40.8417
40.6108
41.3631
40.6574
40.432
40.4628
40.4637
39.8138
39.9655
40.4236
40.7374
40.3659
40.6248
40.568
41.6471
41.8818
41.8082
41.4562
42.0819
41.8873
42.5754
42.0158
42.4683
41.6071
41.459
42.0149
43.7104
43.2235
42.9646
42.5922
44.176
44.3603
45.0279
45.2942
45.4814
43.7076
44.1034
43.2709
44.1304
45.0419
45.3333
45.7067
43.7337
43.5149
44.0754
43.108
43.7067
43.6629
43.4209
44.2002
43.4525
43.6136
43.4246
43.9898
43.8259
43.5596
43.8799
45.0959
44.3585
45.1127
43.23
44.7709
46.1322
46.7626
46.3426
46.5335
46.7765
46.6406
48.5317
49.405
49.8678
50.4814
49.7374
50.0726
49.0782
49.5857
50.122
49.3613
49.743
49.5112
49.2365
49.6182
49.3268
47.8128
47.3557
47.9264
47.9926
48.094
47.9069
48.8296
48.1117
48.5959
48.4935
48.9246
50.0885
50.4358
48.6872
50.96
49.8035
50.5307
51.0624
53.5428
51.6583
52.4777
51.2877
52.6304
53.7393
52.7821
55.0307
