213.227
332.834
314.419
320.497
328.166
321.403
304.087
331.292
311.744
316.177
307.486
322.603
318.892
315.509
313.09
315.663
305.916
320.233
309.552
305.724
297.349
315.397
302.906
300.304
291.862
296.216
291.562
292.198
291.466
286.154
286.256
280.75
282.85
284.093
280.15
274.733
274.318
281.128
278.291
273.718
275.82
279.787
274.707
269.804
270.963
270.345
265.026
264.581
265.943
272.303
257.421
263.007
257.54
266.692
255.707
256.361
257.506
264.871
247.676
252.708
246.742
260.377
242.251
252.099
242.998
258.52
240.051
248.652
238.461
249.818
235.392
244.836
235.864
248.655
233.439
242.308
234.405
240.891
232.97
239.464
233.276
240.837
230.119
236.073
230.676
238.308
230.17
239.129
225.845
239.379
229.493
232.127
224.62
231.217
221.9
232.896
223.203
231.912
225.352
228.317
219.663
227.341
220.325
227.374
219.99
227.68
221.163
224.934
215.113
225.712
221.413
223.427
219.78
226.805
219.113
221.041
217.23
223.979
216.561
221.171
215.188
221.15
215.958
222.776
212.442
220.723
211.23
222.719
210.292
220.665
211.001
217.714
209.412
219.336
213.983
216.932
209.21
214.764
212.39
215.647
210.126
218.419
211.617
214.824
208.39
217.128
212.006
213.338
208.688
215.258
210.151
210.976
208.685
213.324
209.552
214.477
208.825
215.01
211.122
214.376
207.36
211.608
211.559
212.822
207.572
211.736
211.079
212.008
208.125
209.883
211.712
210.003
206.899
211.608
210.97
209.729
208.561
208.352
211.511
207.916
208.449
208.632
210.899
210.134
209.22
209.939
209.559
208.522
207.45
209.107
209.667
206.336
207.858
210.075
208.866
207.651
208.241
208.812
210.899
207.285
206.291
208.752
208.37
209.657
205.735
210.319
206.465
207.818
203.473
209.73
208.411
210.077
203.282
208.659
205.165
207.865
202.222
208.581
208.948
205.486
203.154
209.218
207.964
208.37
204.084
208.606
208.858
205.748
202.703
208.342
206.234
206.65
207.405
207.605
205.063
208.808
203.093
205.382
206.493
205.612
203.835
209.628
207.694
207.791
203.595
209.394
207.587
208.335
203.53
210.137
204.677
202.663
194.592
172.31
173.712
189.136
187.224
176.954
163.65
160.246
165.081
161.414
155.662
148.864
144.891
143.51
141.843
139.977
137.271
134.162
129.34
130.243
124.377
122.834
122.709
122.814
118.676
118.758
121.049
120.501
120.029
116.925
119.267
117.677
114.987
117.312
117.104
115.709
121.1
116.677
116.382
115.25
116.754
116.825
115.314
115.295
117.623
115.755
114.436
111.317
112.455
112.662
112.671
112.516
113.432
109.5
112.762
113.665
112.365
114.018
111.718
111.323
111.831
112.793
111.734
113.318
111.105
108.391
110.074
108.329
107.781
108.466
107.034
108.135
107.256
108.037
106.71
106.139
106.072
107.68
108.055
104.866
104.858
106.397
104.699
105.646
107.012
107.52
108.065
108.941
108.27
107.335
106.7
106.328
106.65
107.234
106.714
108.782
110.138
107.854
107.756
108.145
108.095
106.866
108.713
108.489
107.649
108.751
108.518
109.624
108.955
106.6
106.572
107.234
106.512
105.274
108.258
109.772
109.481
109.288
108.695
108.156
107.461
106.985
107.93
107.918
106.946
108.099
106.808
106.103
106.138
106.325
106.486
106.371
108.108
108.405
109.499
108.793
107.231
108.672
108.38
108.148
107.248
108.561
105.859
107.594
107.059
107.545
108.957
108.474
110.434
110.31
109.677
109.563
111.506
109.196
111.11
110.282
110.785
111.143
110.83
109.878
108.957
108.978
109.125
109.012
109.073
109.067
108.22
109.399
109.004
108.855
110.324
110.161
109.839
111.371
111.087
111.442
111.333
110.358
110.536
111.234
112.205
111.647
113.859
113.449
111.266
111.365
110.513
110.138
110.068
111.432
109.991
109.654
110.291
110.516
110.827
109.099
110.182
111.409
110.038
111.263
109.622
109.02
107.329
107.145
106.662
107.371
108.427
107.225
107.41
107.759
109.203
109.526
108.3
108.773
109.481
108.515
109.347
109.184
109.22
108.409
112.656
112.234
112.022
109.712
110.14
109.548
108.507
111.279
110.157
110.927
111.625
112.725
112.343
110.912
110.939
111.637
110.809
110.588
112.176
112.758
111.412
111.113
111.201
112.336
112.473
110.554
111.595
114.654
110.79
110.189
112.124
112.69
112.35
112.358
113.098
114.203
114.413
116.377
115.128
114.453
115.62
114.482
114.752
117.452
117.629
116.328
115.314
113.758
114.944
116.011
115.388
116.491
115.367
115.143
115.11
114.124
111.2
113.516
110.633
110.98
113.819
115.274
115.475
115.302
114.77
116.813
113.204
116.528
113.283
117.002
117.397
113.156
114.419
115.441
117.941
118.52
115.196
118.469
114.494
116.216
117.174
119.174
119.638
120.011
118.224
118.561
118.141
115.615
117.409
115.402
116.73
114.831
116.22
116.269
118.726
118.269
117.584
118.394
118.661
119.514
122.153
123.195
121.607
122.034
120.505
120.802
121.541
122.083
123.324
122.581
124.488
124.743
123.494
123.731
124.415
126.958
127.316
130.756
213.043
327.882
322.015
325.25
317.495
319.015
300.557
320.908
311.859
314.399
325.988
328.121
328.756
320.068
319.273
320.35
315.697
306.275
307.665
312.737
310.171
297.679
294.954
304.957
301.593
284.185
292.49
297.784
295.767
282.243
283.492
292.776
284.272
273.545
279.481
288.742
278.809
272.795
272.901
284.08
269.66
269.191
267.441
281.439
267.339
260.661
266.033
276.277
261.649
258.194
260.559
267.587
258.434
255.721
253.841
265.936
254.177
254.383
251.416
262.915
248.12
255.426
252.312
262.193
247.071
254.272
247.11
259.525
243.2
250.003
247.014
257.883
239.138
248.898
241.788
257.635
236.25
244.911
240.55
250.928
235.239
244.907
240.1
246.487
235.178
246.481
236.542
245.47
232.788
239.839
232.722
245.262
229.16
237.583
231.936
243.027
228.432
235.323
230.04
240.059
227.189
233.253
226.28
235.467
226.921
232.804
230.484
236.508
223.432
232.732
229.171
234.01
221.047
233.199
225.368
232.796
219.883
230.631
225.108
229.356
221.046
231.241
221.303
232.278
220.529
229.306
222.865
227.686
220.027
228.311
218.637
226.295
216.272
226.218
218.8
224.518
215.619
226.264
216.432
224.821
214.123
223.4
218.177
227.034
213.879
224.337
218.706
228.655
216.594
226.964
216.247
228.037
215.913
224.192
215.72
226.538
216.911
226.422
216.138
226.437
218.624
224.14
218.673
223.441
217.65
223.494
217.014
227.34
215.373
224.672
220.289
225.95
214.155
221.418
216.689
224.448
213.855
219.528
214.368
226.252
213.782
220.351
217.664
222.956
215.341
221.083
216.07
224.414
214.146
223.991
217.265
225.575
213.504
220.275
218.095
222.409
213.912
218.96
216.96
219.037
214.809
219.574
216.585
219.854
212.936
220.451
217.803
219.493
215.511
218.346
217.359
219.925
212.236
217.513
217.458
219.039
215.22
219.171
217.115
218.105
213.31
219.489
214.39
216.299
213.671
217.982
215.823
216.826
213.238
218.389
216.903
217.702
216.203
218.41
217.473
217.684
214.105
217.451
215.061
215.282
212.052
218.142
215.48
216.394
214.418
216.699
212.261
218.04
214.881
214.18
213.298
212.946
205.339
179.928
182.937
193.626
191.44
176.737
164.463
166.57
165.089
165.33
162.921
155.328
152.183
146.734
143.368
139.722
139.421
135.861
135.752
134.466
130.767
132.122
129.044
127.164
129.988
124.091
125.887
123.797
122.568
120.477
118.652
122.04
122.494
122.54
120.471
120.785
121.404
119.427
117.903
118.493
119.735
116.608
116.664
115.752
116.411
114.833
109.473
110.22
111.082
111.293
109.527
110.455
109.932
108.482
109.761
110.834
109.585
108.458
109.307
108.976
110.158
108.458
108.464
109.858
109.763
106.459
108.266
107.915
107.593
106.994
107.186
107.676
107.98
107.677
107.511
106.944
107.933
106.351
105.012
103.131
103.05
104.298
104.035
104.195
104.787
105.221
105.179
104.994
104.234
103.649
104.555
104.149
105.364
104.616
104.425
102.912
102.938
101.678
101.946
103.3
103.183
102.736
102.626
102.395
101.105
103.809
103.091
103.821
103.233
103.251
102.382
103.108
102.566
102.622
102.67
103.133
103
101.417
101.644
100.116
101.76
102.921
103.284
102.218
100.756
100.292
102.482
103.138
102.445
102.519
101.825
103.096
102.004
101.459
101.687
102.801
102.557
102.174
103.5
102.975
102.664
102.717
100.896
100.149
101.362
100.478
100.209
98.8878
99.8566
100.442
101.098
100.156
100.037
100.808
99.8953
100.168
101.016
101.204
101.902
100.959
101.523
102.707
103.366
102.088
103.085
103.779
100.724
101.179
101.23
101.476
101.158
101.04
99.6764
99.811
100.09
102.826
100.748
101.474
101.066
101.136
101.757
101.113
100.824
101.082
99.7798
100.986
101.02
102.169
101.486
102.157
101.447
101.796
99.9479
100.661
100.471
100.191
102.242
102.493
100.148
100.863
99.291
102.339
101.324
102.326
102.124
103.085
104.539
104.003
103.995
105.789
105.456
104.231
101.731
101.411
101.762
101.506
102.321
103.508
103.313
104.344
102.715
103.898
104.376
103.293
105.017
105.506
106.012
105.76
107.41
108.421
106.781
106.242
106.111
110.89
108.878
108.347
108.229
108.794
108.325
108.357
108.887
109.006
108.941
108.399
106.608
106.205
106.079
107.27
106.795
108.556
106.513
108.417
107.788
107.588
106.815
108.095
107.226
106.356
106.14
105.932
107.147
109.968
107.657
109.326
109.148
110.683
108.278
107.174
106.447
108.895
108.015
109.322
109.899
110.361
107.643
109.195
109.339
110.322
111.961
114.266
116.828
111.919
110.814
110.522
112.435
112.841
115.295
116.864
116.097
116.418
116.17
115.154
117.653
119.757
118.921
117.527
118.912
119.084
118.108
119.919
118.825
119.777
122.617
121.131
121.201
120.351
119.826
119.999
120.277
121.895
122.38
122.769
120.431
130.236
129.881
128.582
132.839
135.287
218.858
330.737
320.761
316.649
324.944
324.015
312.216
336.927
335.822
333.591
330.361
334.153
320.237
326.37
313.354
327.801
315.764
295.331
300.601
316.784
312.33
294.906
296.415
308.33
301.578
292.638
294.093
305
296.402
288.075
293.813
295.97
288.831
284.519
285.798
290.183
287.52
280.622
280.459
281.054
279.592
278.642
275.497
281.209
273.155
270.394
269.451
275.291
266.584
267.005
268.054
268.973
260.612
260.517
258.387
264.947
258.558
258.36
251.5
258.726
254.946
255.353
246.946
255.041
248.307
250.232
239.212
252.092
244.397
251.324
242.117
249.304
240.027
245.178
232.928
244.326
230.919
242.659
235.087
241.382
232.766
237.732
229.345
240.151
229.847
236.823
230.247
237.919
227.543
234.298
222.633
234.154
227.029
228.829
221.582
231.815
223.687
226.689
222.179
226.593
221.772
224.588
219.181
227.63
216.737
219.549
217.577
227.329
218.004
222.01
216.2
223.421
217.589
215.381
213.975
221.279
218.807
216.974
208.983
223.181
212.724
211.806
210.932
219.909
215.822
211.937
211.214
218.885
214.742
214.396
208.642
216.7
211.513
211.018
210.97
214.086
211.015
207.661
209.294
214.189
209.156
206.878
208.596
209.422
209.25
206.019
209.122
208.131
209.258
202.63
206.112
209.715
208.221
205.256
206.586
207.905
207.576
202.311
205.86
207.532
208.776
201.081
205.668
204.247
205.404
202.282
200.397
203.175
204.621
199.039
203.108
201.598
206.167
199.014
202.098
203.494
206.255
199.866
203.651
203.267
203.662
198.742
202.386
203.075
203.203
200.483
200.764
203.203
200.267
197.393
199.4
203.24
200.115
198.049
198.572
200.052
198.956
195.147
196.708
200.534
199.462
195.801
199.213
198.939
196.045
195.153
198.48
198.717
198.32
195.338
197.243
197.743
196.704
193.035
198.201
197.959
197.706
193.732
197.543
197.374
198.361
194.362
197.609
198.2
196.619
195.876
196.529
197.096
197.544
194.077
193.613
195.33
196.393
194.934
196.221
195.605
198.241
191.972
194.151
196.967
196.473
194.254
196.48
198.878
195.845
194.77
193.483
194.387
194.15
195.273
192.796
191.443
184.765
168.335
170.739
175.264
173.591
166.29
153.863
154.262
153.777
149.64
143.264
137.327
135.36
130.934
128.006
124.92
123.138
123.539
122.478
120.636
120.305
117.654
117.513
116.894
118.442
117.294
117.8
117.875
114.631
116.533
118.083
114.92
114.029
113.292
112.416
115.654
110.951
112.621
112.34
113.345
111.266
113.482
109.714
109.367
112.807
110.739
110.821
110.536
111.799
110.894
108.738
109.585
107.362
108.851
108.495
109.34
109.625
109.995
111.523
109.528
107.748
108.579
109.005
107.736
110.801
108.737
110.209
109.894
108.967
109.447
108.565
107.993
107.16
107.355
107.31
108.812
108.933
107.95
107.11
106.115
105.835
105.117
105.358
103.485
103.93
104.608
105.618
105.882
105.182
104.912
106.539
104.174
104.378
104.503
104.81
105.095
105.393
104.367
104.49
104.131
101.632
101.531
102.186
102.415
101.316
101.69
101.075
101.155
103.079
101.327
104.285
104.316
105.775
107.185
106.412
106.324
105.4
105.135
104.893
104.594
103.38
104.435
104.891
105.141
104.472
106.649
105.296
105.248
104.634
104.169
103.902
104.36
104.037
104.63
104.329
103.89
102.816
104.025
104.494
104.239
104.429
102.724
103.264
103.858
102.514
102.635
102.705
103.303
103.061
101.893
102.439
103.408
103.254
101.857
101.791
102.228
103.884
103.753
103.381
102.701
104.833
103.655
104.306
103.493
103.173
103.11
102.56
102.909
102.508
102.823
102.6
101.245
102.232
101.34
101.566
102.974
102.191
102.621
100.03
103.296
102.984
104.883
104.356
103.652
103.486
102.454
102.861
102.52
102.852
102.486
102.483
102.962
102.857
102.608
101.792
101.743
103.047
104.24
103.135
101.877
100.796
101.596
104.366
103.195
103.494
104.547
104.903
104.006
103.735
102.84
103.902
104.331
106.189
103.993
104.008
105.591
104.101
105.279
104.562
104.709
103.999
105.071
105.111
104.92
103.691
108.236
109.351
107.328
108.655
108.046
106.435
104.829
105.444
105.284
105.836
107.022
107.463
109.231
108.702
110.226
109.03
106.403
107.454
107.105
106.007
105.817
105.834
105.73
105.441
107.007
105.629
105.203
104.692
103.662
102.95
101.516
101.781
104.673
102.977
103.582
103.205
103.349
102.525
103.223
104.37
105.961
106.759
106.459
107.277
106.635
107.005
106.735
106.186
106.742
107.175
106.749
107.317
109.394
107.749
109.068
108.234
108.128
108.016
109.146
108.556
110.01
108.969
111.127
112.647
111.918
114.66
110.584
110.28
111.223
112.429
111.319
111.356
111.3
112.352
111.668
111.887
112.595
112.24
111.356
109.321
110.586
114.128
111.946
113.285
113.155
113.386
115.034
113.061
117.864
119.198
125.399
129.79
131.936
209.969
325.503
318.512
315.197
322.351
326.732
313.378
330.412
329.673
320.443
328.533
326.703
326.493
314.749
315.678
312.582
324.953
311.622
304.247
309.23
309.325
298.68
294.703
298.275
299.56
295.819
283.516
292.715
291.397
284.772
277.582
287.794
278.55
283.796
274.886
283.639
275.299
277.621
282.831
280.244
279.162
276.111
279.25
274.93
273.034
273.105
274.526
273.862
278.093
272.688
273.764
272.414
277.733
271.821
270.515
271.493
277.497
273.666
268.41
269.945
276.152
272.79
269.824
273.445
272.919
273.896
269.575
270.142
273.393
268.752
269.32
270.173
269.489
268.574
263.115
268.983
266.694
264.52
266.933
268.52
266.71
267.902
262.418
267.025
256.903
267.419
262.595
265.284
259.797
263.325
260.131
264.982
253.946
261.638
259.774
261.583
254.699
262.641
258.186
261.399
255.052
260.059
258.991
259.274
254.098
255.45
255.02
255.828
251.541
255.644
249.997
256.762
244.686
257.512
248.587
255.649
245.54
252.189
245.778
249.504
240.196
251.415
244.581
245.548
237.717
247.277
241.86
250.081
238.007
246.494
241.002
246.242
237.503
245.528
239.26
245.859
234.007
240.735
239.088
244.562
234.08
243.373
240.744
241.277
236.238
240.036
237.241
242.337
235.256
240.763
234.614
239.416
234.567
238.953
235.083
240.038
237.067
239.341
234.865
237.165
234.253
237.403
236.699
239.619
235.122
236.897
234.114
237.599
235.716
235.341
233.459
239.238
233.83
235.977
232.579
236.937
233.5
235.189
228.628
233.947
233.553
234.941
233.178
233.859
228.459
236.73
227.9
235.602
230.827
233.652
229.495
235.35
230.123
233.115
231.244
237.223
230.469
232.421
227.565
235.401
229.604
232.899
228.732
235.879
227.814
233.791
232.778
233.367
228.406
230.85
228.757
236.014
227.387
233.277
231.744
232.248
226.941
230.7
230.426
231.698
228.262
232.338
231.088
234.483
227.362
231.343
229.516
229.15
228.333
234.723
227.385
228.942
227.124
233.728
225.923
226.945
224.372
232.049
226.3
228.97
226.344
230.057
225.881
230.693
228.911
229.193
226.327
227.802
227.915
230.434
227.001
220.845
210.324
185.446
192.35
200.771
201.929
187.252
174.093
171.519
177.272
174.502
166.451
161.227
156.635
150.749
148.993
145.545
143.332
138.967
135.609
135.95
137.177
132.203
131.461
127.485
128.432
128.466
127.632
128.793
125.606
123.786
124.225
120.636
119.615
121.731
121.387
118.975
117.834
114.968
117.616
118.801
116.676
117.707
118.318
114.687
112.462
114.063
115.303
117.487
115.194
113.925
113.962
112.093
113.981
113.986
112.566
113.421
111.7
111.25
112.015
113.053
110.921
109.351
110.103
109.231
108.747
109.645
108.479
108.229
107.282
108.886
110.801
109.347
106.45
107.745
107.919
106.174
107.048
106.589
105.883
106.747
106.281
107.048
108.699
107.562
107.018
106.751
106.034
104.271
101.383
102.596
102.639
103.79
102.698
104.447
103.827
104.054
104.019
103.459
102.158
103.665
104.77
106.532
104.049
104.685
103.158
104.259
102.691
103.449
102.798
104.395
104.147
101.548
103.331
102.396
103.035
104.142
103.369
103.711
101.934
103.047
103.927
102.939
104.177
101.715
103.908
104.384
103.784
105.33
104.845
103.525
105.64
103.693
103.852
104.431
102.142
102.867
100.717
101.46
99.4786
100.172
99.507
99.3408
99.6471
99.8003
99.5358
100.15
99.7686
99.4823
99.9772
98.7719
99.0484
98.7169
98.0549
97.6173
98.3976
97.4013
97.4427
98.3804
97.8212
99.4576
97.2183
97.8934
97.7039
98.919
99.628
100.286
99.8939
98.1006
99.0093
98.8859
98.6252
99.608
99.9088
99.311
99.0759
97.0889
97.9553
98.2491
98.1699
100.368
99.1383
99.2086
99.0554
100.111
100.492
101.14
100.093
100.047
99.0871
99.3035
98.9441
97.4842
98.2467
97.9404
99.0922
99.676
99.8459
99.1047
100.357
100.593
100.461
99.8673
99.9716
103.209
102.373
102.372
102.362
104.851
106.223
105.295
103.429
102.477
101.923
101.297
102.865
103.016
104.236
104.108
103.504
104.899
105.673
105.392
106.923
107.342
107.12
109.196
105.843
106.297
106.267
106.095
105.307
107.171
108.103
108.446
108.701
110.39
108.122
108.886
108.832
109.599
109.271
109.364
109.21
109.584
106.002
105.733
108.736
107.997
110.194
108.889
108.348
111.018
109.453
111.256
111.308
108.876
110.546
110.721
111.095
112.541
110.213
108.635
110.223
108.627
110.885
113.332
114.964
114.448
112.136
111.547
112.744
114.162
114.629
114.622
114.333
113.546
112.28
112.981
112.563
112.15
112.681
114.108
113.973
114.355
116.14
114.858
113.946
116.591
117.308
118.035
119.655
118.292
120.757
126.689
125.636
131.973
131.328
132.06
212.101
326.406
299.111
328.412
328.753
336.466
307.606
327.734
295.56
319.176
316.759
321.614
321.541
326.276
319.795
313.932
303.931
313.93
313.551
303.464
301.407
303.785
308.202
301.054
295.209
305.637
311.782
293.621
299.547
307.517
302.985
290.646
302.006
305.818
302.225
287.927
302.345
303.247
308.81
287.552
301.73
301.439
297.787
288.019
300.963
293.867
299.046
286.182
296.884
288.766
287.636
283.839
290.386
289.296
290.318
284.714
289.614
286.273
283.68
286.153
280.112
279.319
279.173
280.121
274.592
272.599
274.017
272.894
271.695
276.804
272.493
272.423
270.017
273.125
270.551
265.583
265.697
270.31
266.325
266.241
265.012
266.608
261.88
266.33
259.268
264.749
257.235
263.22
256.319
260.318
256.29
257.931
256.476
261.244
257.331
254.19
253.877
257.166
254.684
251.761
250.572
258.372
251.92
252.737
251.343
257.084
250.966
252.513
250.37
254
251.07
250.499
245.408
252.668
246.033
249.503
244.592
249.074
246.735
250.808
247.042
249.551
243.691
247.937
246.216
247.403
242.038
246.153
243.361
241.425
241.152
241.374
240.13
241.698
240.618
237.047
238.32
241.781
237.42
238.328
235.945
237.843
234.882
235.791
236.207
236.998
233.901
235.803
232.915
238.165
233.074
237.568
232.5
234.481
230.282
234.216
232.534
235.081
231.438
233.774
230.666
232.2
229.502
229.258
227.393
231.231
229.481
227.754
229.843
231.96
230.956
227.678
226.37
231.35
224.03
227.646
226.405
227.037
224.732
226.778
227.309
228.595
224.994
225.163
226.58
227.207
221.157
221.569
223.804
223.995
221.949
220.108
222.825
223.546
222.494
218.307
223.706
219.425
221.294
221.552
222.134
221.224
219.768
219.81
221.266
219.673
219.199
216.614
221.003
220.392
220.363
217.853
220.512
220.652
221.039
216.716
219.845
221.732
221.208
217.103
219.582
218.388
219.579
216.324
219.615
217.858
219.251
215.285
216.986
218.123
217.833
215.064
217.515
218.338
215.177
214.318
215.434
217.637
214.481
214.51
215.006
217.938
216.038
213.891
212.997
217.718
212.689
211.379
215.338
216.998
211.961
209.011
200.751
185.659
181.563
194.294
193.409
184.187
169.188
171.749
175.47
169.306
165.153
157.875
152.301
147.422
144.242
140.295
137.974
135.356
133.775
135.912
134.017
131.308
129.577
129.154
127.973
129.473
130.021
128.003
126.205
127.365
124.927
124.277
124.108
121.976
123.593
122.505
120.052
120.068
120.724
119.352
120.138
123.362
119.999
120.612
117.805
119.287
120.188
117.004
115.598
117.412
117.419
118.651
115.439
116.666
116.716
114.176
115.319
113.081
114.127
113.507
115.184
116.217
114.076
112.805
113.777
114.562
115.15
115.219
117.483
115.441
115.369
112.362
111.964
111.539
112.501
112.227
114.369
114.646
111.381
109.488
109.468
109.441
108.023
107.124
108.367
108.636
108.263
108.869
108.472
107.276
107.434
108.079
106.106
108.056
108.249
107.748
107.967
108.33
107.264
106.083
107.275
107.319
107.667
106.269
105.672
106.997
107.777
107.862
110.471
109.057
107.553
106.326
105.552
108.138
105.584
106.601
109.43
107.101
109.943
109.102
111.416
111.304
109.488
108.477
110.142
110.031
112.066
110.976
111.081
111.52
110.364
110.041
112.439
109.199
109.115
108.234
108.816
108.501
107.511
108.34
108.207
108.152
108.261
108.133
108.645
109.325
109.731
109.19
108.07
109.832
108.558
109.538
109.461
110.836
110.936
110.264
108.466
109.045
109.29
109.11
108.524
109.654
109.866
111.942
111.006
110.323
111.816
109.145
108.197
109.504
109.019
108.853
110.819
108.489
108.603
108.854
108.671
109.292
109.424
108.023
108.345
106.263
107.622
106.642
107.356
108.695
107.946
108.081
108.207
108.797
106.305
108.115
108.838
108.609
110.013
111.006
109.5
111.571
111.797
111.652
109.6
109.928
109.412
109.892
109.398
108.344
108.405
107.28
108.714
107.122
107.345
107.452
107.297
107.547
107.136
106.861
105.874
107.209
106.781
106.876
107.172
107.827
108.359
110.405
109.139
108.185
109.575
109.977
109.494
111.565
109.828
111.983
110.359
109.514
108.828
111.196
109.883
109.508
110.286
108.687
110.439
108.539
108.74
109.709
109.525
110.205
108.676
109.977
109.975
110.079
111.299
109.348
109.992
109.599
109.6
109.191
110.35
111.338
113.435
112.374
113.291
112.343
113.127
111.766
113.184
111.385
111.794
111.068
111.6
110.68
110.395
111.245
110.958
109.909
109.996
108.685
108.65
108.438
107.688
107.308
105.986
106.185
106.634
107.014
107.951
106.622
106.344
106.544
107.125
105.831
106.318
106.327
106.606
107.367
108.15
109.213
109.008
109.432
109.756
108.111
108.203
107.089
107.581
107.804
109.708
110.147
107.743
107.87
109.601
110
109.783
109.455
110.345
109.799
110.162
110.151
110.038
111.038
110.085
109.904
111.679
112.656
111.732
112.277
113.671
113.099
114.183
112.272
112.377
111.882
111.411
112.837
116.415
116.393
115.621
113.755
114.768
116.381
117.117
116.543
118.757
120.276
121.824
120.2
123.141
123.498
122.682
125.686
213.227
332.993
316.016
320.65
328.134
324.712
301.709
332.393
299.016
317.513
309.542
325.964
320.578
321.461
314.16
317.599
294.156
319.973
302.687
303.176
297.886
309.331
299.609
303.703
293.972
304
296.267
291.646
288.764
294.41
288.772
281.203
280.461
282.961
281.509
272.409
269.723
279.141
274.69
270.616
264.069
266.842
271.733
267.144
262.942
269.068
264.831
263.75
259.797
263.984
258.574
264.049
256.177
259.632
258.716
259.687
251.631
253.784
250.245
259.103
250.475
252.535
248.283
254.818
241.954
250.014
245.12
246.822
237.209
244.548
239.051
247.142
237.287
239.908
234.153
244.445
234.689
239.029
233.256
241.387
236.613
238.841
231.646
237.705
231.494
234.943
230.689
236.11
226.393
230.033
230.598
236.819
226.45
230.963
229.464
233.588
226.95
227.196
228.109
229.951
223.541
228.489
229.893
227.093
220.371
229.368
226.85
227.458
223.686
225.226
225.64
223.243
221.734
219.324
225.319
221.051
223.031
219.712
219.607
221.95
219.159
215.926
219.52
221.173
220.525
217.827
220.097
217.124
217.808
214.033
218.24
215.737
219.169
216.666
220.006
214.22
217.192
213.54
218.661
212.82
217.54
214.789
219.418
213.035
212.629
216.781
217.696
211.594
214.743
213.826
214.06
214.325
212.62
213.282
213.675
212.16
212.375
212.974
213.313
211.133
210.457
209.702
209.515
213.211
210.706
208.996
212.174
213.665
209.089
210.295
211.878
213.365
210.651
209.047
211.452
210.642
211.651
205.079
205.565
210.794
208.735
204.693
208.111
208.695
209.425
205.343
210.909
207.709
206.797
207.615
209.711
206.116
206.709
206.417
210.408
205.952
208.571
204.407
209.04
206.977
206.974
201.838
206.565
209.964
210.145
201.888
209.35
207.323
205.029
202.635
210.302
208.824
206.331
204.278
206.116
207.48
206.499
205.016
204.238
207.836
204.888
203.411
207.3
209.451
206.141
204.403
206.09
206.952
208.623
205.202
206.046
205.563
206.584
201.875
208.862
204.19
206.729
203.846
205.85
203.398
207.721
203.38
201.619
204.102
206.889
202.389
203.811
203.523
206.038
200.84
203.912
202.465
193.468
171.464
176.945
182.926
185.024
173.978
164.265
164.488
164.092
161.597
156.653
151.029
145.044
142.736
141.425
136.625
134.489
128.566
129.587
127.115
124.234
123.699
123.187
120.883
120.284
119.127
118.113
116.408
117.845
115.597
115.48
114.565
116.611
117.782
113.615
112.931
112.873
111.108
115.164
116.106
118.247
116.471
117.133
117.282
115.468
113.167
114.046
111.921
112.358
112.913
109.882
114.63
110.985
110.493
107.643
110.421
109.48
110.09
112.442
111.152
111.18
114.392
113.813
113.112
112.562
113.816
112.198
111.443
111.662
109.517
107.531
110.6
108.008
107.398
107.297
107.299
107.014
105.947
106.296
106.365
108.409
108.948
108.955
104.888
103.308
103.381
104.004
102.099
101.676
102.042
105.72
104.917
107.155
106.327
105.451
105.506
105.304
104.711
105.776
105.746
105.149
104.24
106.252
104.758
105.736
105.13
106.464
105.759
106.855
105.488
107.885
106.275
105.987
107.068
108.749
108.061
107.153
105.593
106.085
106.263
106.537
106.379
106.017
105.777
105.631
105.064
106.121
106.046
104.615
107.112
105.489
105.744
105.97
104.603
106.81
105.344
106.047
106.592
106.329
107.607
107.369
107.331
105.948
106.065
105.593
105.225
106.444
106.661
106.818
107.766
107.702
107.964
107.451
106.719
106.943
106.383
106.15
106.675
108.525
107.425
107.158
107.436
106.544
105.888
106.687
106.57
107.822
107.197
107.563
107.517
106.777
106.874
107.024
107.692
107.577
107.934
107.95
107.701
109.288
110.86
110.089
111.184
109.489
108.964
107.889
105.529
105.635
105.039
106.923
107.748
108.527
107.158
106.49
105.488
105.364
106.122
106.658
106.842
105.389
105.749
105.731
105.769
105.412
106.598
105.296
106.191
106.702
105.41
105.477
105.469
105.907
107.034
105.89
106.875
108.125
109.402
107.751
108.076
108.51
107.761
107.995
107.126
107.663
107.652
107.377
107.854
107.948
107.565
109.17
109.903
109.824
110.083
110.538
111.758
110.828
109.993
111.746
112.323
113.861
113.072
112.939
113.209
113.485
113.267
112.898
111.781
109.474
109.944
108.316
109.025
109.966
109.804
110.371
108.256
108.89
108.531
109.023
109.157
108.335
107.635
109.216
109.487
109.225
111.21
108.303
108.904
107.752
109.132
107.899
110.488
110.033
107.867
107.714
108.383
107.491
109.062
110.187
110.44
109.57
111.161
110.338
108.805
110.192
109.19
109.12
110.665
110.078
109.665
111.341
111.709
110.263
111.874
111.777
111.879
111.498
108.203
109.981
108.153
111.059
111.339
111.686
111.623
111.077
110.939
111.176
110.328
112.419
110.984
112.43
108.879
111.36
111.62
111.368
110.938
110.255
109.963
109.437
114.216
115.325
115.43
115.429
115.534
115.047
114.878
113.081
112.427
111.48
113.831
113.73
114.622
113.895
113.652
114.507
114.871
113.879
115.196
117.587
114.374
111.353
114.435
111.404
113.056
114.791
115.81
113.327
112.119
114.105
114.492
115.571
116.264
117.736
117.547
115.52
117.654
120.353
117.615
113.024
115.169
115.73
116.242
114.778
114.27
116.576
116.713
115.291
113.081
115.91
116.162
117.691
120.838
119.262
120.078
122.29
122.726
122.191
121.989
122.716
126.304
129.888
134.229
138.311
143.846
147.588
153.045
154.048
153.537
150.676
150.013
213.043
327.757
323.02
323.855
316.818
318.02
298.899
320.575
309.641
314.037
321.376
326.858
329.134
311.368
323.901
325.028
314.316
307.426
310.389
319.909
306.693
298.878
296.391
311.582
303.46
291.93
292.734
301.338
294.405
280.162
280.747
291.788
279.769
277.52
271.865
287.591
275.75
275.487
266.615
278.238
272.58
268.34
262.953
276.556
265.779
262.472
262.188
269.963
266.422
257.95
256.445
269.665
257.079
258.848
254.824
265.26
261.75
256.884
249.851
259.35
255.332
255.126
244.669
260.563
255.656
249.615
242.98
255.527
248.746
245.005
240.684
250.109
243.431
246.487
237.427
254.168
238.585
245.618
234.765
251.079
234.364
239.469
229.925
247.281
233.423
238.25
229.385
241.08
228.48
233.085
226.481
241.703
227.151
232.444
228.456
238.22
223.703
232.385
224.899
237.668
223.851
229.958
223.206
232.331
223.48
223.501
218.098
229.29
219.528
224.486
216.834
227.982
215.716
225.454
215.405
226.483
214.117
223.402
215.886
224.848
214.583
217.483
217.426
224.06
211.588
221.253
217.659
223.643
212.055
216.577
215.188
219.578
211.795
214.853
214.145
219.765
208.972
216.209
208.334
214.826
211.721
215.892
207.83
218.665
208.872
215.919
208.061
217.589
208.324
214.328
208.28
216.248
209.236
213.237
207.75
215.704
210.593
211.996
209.209
215.112
207.178
210.689
207.951
212.505
208.628
211.508
207.468
211.999
208.993
210.756
206.299
210.092
208.705
207.223
207.219
209.901
210.236
210.942
209.228
210.043
205.62
211.219
207.939
210.24
206.803
212.758
207.121
208.889
206.715
212.508
208.577
208.45
205.499
210.238
206.428
211.367
204.662
208.102
205.33
210.595
205.65
207.872
203.684
206.538
208.085
207.926
205.181
205.541
205.308
204.75
205.077
204.198
204.385
206.696
205.275
205.463
204.291
203.632
206.048
204.501
203.835
208.062
203.488
206.019
207.336
205.196
204.324
206.379
204.255
206.246
206.353
209.437
206.341
205.429
206.853
205.675
206.646
207.856
205.947
207.086
208.017
208.18
206.518
206.337
205.363
209.229
205.314
206.369
204.797
207.122
206.038
201.45
192.432
170.779
176.577
187.449
182.669
172.126
162.375
159.075
166.006
161.079
154.568
152.833
149.511
145.903
141.675
137.732
134.476
134.169
130.363
129.72
129.231
126.393
125.511
125.802
121.885
122.873
122.291
121.905
122.197
120.557
121.348
122.358
120.74
119.758
118.079
121.96
122.486
119.908
121.473
121.168
119.532
119.701
121.133
117.598
119.233
117.41
118.019
115.935
116.895
117.046
117.27
118.403
117.593
117.066
114.997
113.749
113.471
111.899
112.386
112.652
111.343
112.251
109.202
108.195
107.618
107.955
107.301
106.967
108.218
108.099
109.025
108.49
108.873
108.804
109.673
107.612
106.617
105.693
109.185
107.368
105.06
105.277
105.942
105.736
106.582
106.425
105.898
105.912
106.097
104.205
103.638
102.821
103.953
104.941
103.624
105.27
104.638
103.865
102.788
105.025
104.007
104.624
103.649
103.642
105.631
104.597
104.322
102.567
103.935
105.459
103.522
103.495
104.251
104.19
102.262
102.694
103.766
102.07
103.377
103.804
104.534
105.132
105.18
104.464
104.621
104.612
104.246
103.372
102.404
104.778
101.955
104.346
104.088
103.98
104.027
103.365
102.753
103.171
103.331
102.784
103.508
104.892
103.475
103.695
102.384
102.221
102.086
103.312
103.064
103.765
105.523
104.466
105.14
105.156
104.36
103.49
100.92
101.939
101.74
101.706
100.971
101.224
101.317
100.264
99.8399
99.7765
99.9739
100.519
100.865
101.209
100.481
100.633
100.572
101.379
101.482
100.841
100.17
102.574
101.339
101.982
102.409
101.858
101.647
102.633
101.877
102.227
103.247
102.572
102.308
103.348
102.507
101.979
103.246
103.854
103.072
103.359
101.02
100.317
102.154
101.612
101.947
102.64
101.312
103.384
103.317
103.208
102.738
102.331
103.23
103.236
104.154
104.069
101.797
101.33
101.769
102.813
102.266
103.438
104.881
106.359
105.523
105.169
105.257
104.837
104.81
105.986
105.889
104.345
105.807
105.945
106.339
106.687
105.174
105.142
104.639
103.351
105.266
105.076
106.494
106.533
108.331
111.054
109.811
108.345
108.344
108.465
109.587
110.405
108.57
109.252
107.8
108.282
110.294
109.452
111.558
108.659
108.284
109.085
108.495
108.594
106.557
106.167
108.233
109.62
109.958
109.301
108.995
109.456
110.651
110.682
111.097
111.635
110.501
110.747
110.81
114.428
115.012
112.769
112.075
111.112
112.074
113.328
113.162
115.637
117.865
117.985
121.276
125.719
218.858
330.644
321.698
317.989
325.523
325.013
311.678
337.149
336.075
327.099
328.077
334.945
318.099
330.17
311.069
328.104
313.865
299.295
306.744
318.929
311.986
297.727
295.461
307.037
302.251
292.279
293.451
304.638
297.866
288.772
288.255
297.597
293.849
281.979
284.235
292.418
286.466
285.044
280.723
279.783
279.349
282.692
270.174
278.533
270.829
276.851
267.521
272.192
265.989
271.318
262.605
266.869
261.202
266.001
257.189
264.524
257.162
261.058
254.816
263.141
256.133
257.242
250.695
258.097
247.122
250.622
245.238
256.315
244.422
251.087
241.974
248.971
239.202
244.796
236.284
245.257
236.569
245.355
236.436
242.386
234.726
240.098
232.367
239.463
229.491
237.295
229.216
233.77
228.467
235.464
228.283
233.234
225.647
232.966
226.176
231.223
219.564
230.119
222.587
228.902
223.462
227.351
219.532
228.05
221.194
222.642
219.027
226.088
221.622
224.551
217.6
222.306
217.304
222.261
215.085
224.347
216.112
221.836
216.829
220.154
213.174
218.631
216.136
215.923
211.297
216.45
212.375
215.042
208.459
216.26
211.55
219.064
209.797
216.804
210.164
214.527
210.149
215.23
210.405
214.916
211.2
211.098
209.643
213.446
210.052
210.868
208.097
210.604
209.88
210.98
207.183
209.537
208.341
209.199
205.763
209.558
205.441
209.151
207.779
207.515
204.591
208.978
206.157
208.853
205.236
207.273
205.816
208.257
207.091
207.986
203.453
206.164
209.55
206.961
206.112
208.298
202.543
206.008
202.919
205.316
203.103
204.49
202.464
204.606
202.685
205.101
198.436
203.467
200.742
207.54
198.477
203.998
201.436
206.558
198.631
202.511
200.177
205.111
199.916
203.582
199.568
204.576
196.241
203.124
202.718
201.161
199.542
202.719
201.109
199.433
200.175
200.731
201.61
200.706
199.582
198.285
199.124
199.278
197.887
200.406
201.103
197.889
196.25
201.586
197.349
200.233
197.021
198.893
199.392
197.851
196.792
197.795
196.676
197.459
200.102
199.398
199.992
200.595
197.55
197.682
197.749
200.109
197.798
202.002
197.904
199.492
195.865
198.655
195.894
196.466
194.531
192.846
184.488
161.227
171.184
180.963
179.422
169.292
151.24
147.999
153.923
152.112
147.472
139.455
139.745
136.07
130.126
127.638
126.999
124.751
121.92
122.095
118.862
116.851
116.162
115.763
116.541
116.385
118.527
116.978
117.052
114.801
111.397
112.496
110.041
110.032
108.912
109.949
109.575
111.358
110.55
107.447
108.528
107.266
108.41
108.664
108.506
106.762
105.771
105.571
105.475
106.951
107.223
107.168
106.634
105.864
105.596
106.732
105.685
104.966
105.371
105
105.725
104.688
104.381
104.431
103.374
102.809
103.212
102.649
102.797
102.617
102.409
101.918
102.798
101.782
103.998
104.74
103.632
104.61
101.858
101.562
102.271
101.99
101.73
100.598
100.277
101.356
101.159
100.184
101.334
101.553
101.849
100.728
101.546
99.5745
99.6662
98.4022
98.0717
98.1397
99.3431
98.6052
99.0591
98.6411
98.9912
98.9674
101.396
101.887
99.8994
101.018
100.395
101.734
102.688
102.993
105.159
104.138
103.271
103.164
102.029
103.251
102.808
102.255
103.306
102.625
103.631
104.695
104.756
103.981
105.261
103.527
102.306
102.403
104.642
105.181
103.638
102.992
103.427
104.276
106.788
105.021
103.453
102.838
103.3
104.017
102.496
101.174
101.761
101.785
102.596
102.597
101.727
100.503
100.83
101.496
102.586
103.321
102.741
102.928
101.912
102.03
101.546
102.919
101.732
103.061
104.676
103.367
102.576
102.752
101.984
101.991
102.372
102.676
102.683
99.548
99.4707
100.588
101.206
100.969
100.8
100.225
102.613
102.993
102.672
101.419
101.459
101.514
101.776
101.824
101.788
102.536
103.226
102.36
103.628
102.305
102.02
102.884
103.399
102.434
102.585
100.989
101.372
102.802
102.533
102.18
104.363
102.821
103.313
102.211
102.132
102.786
102.81
103.603
102.191
103.516
103.045
103.264
103.558
102.064
102.788
102.621
101.937
101.86
103.559
103.832
103.861
102.574
103.404
103.743
104.112
101.763
102.863
102.785
102.608
103.362
103.871
106.851
107.451
103.922
102.651
107.569
107.307
106.81
103.95
104.524
101.693
104.081
104.022
103.211
104.655
103.18
106.094
105.996
107.48
105.929
107.419
108.553
109.046
107.925
106.556
105.512
107.477
105.399
105.292
104.775
104.242
103.388
104.566
106.007
105.23
104.121
106.019
105.59
107.911
105.383
108.696
108.217
107.214
106.048
107.405
107.436
108.904
108.198
108.161
107.645
109.639
110.488
110.515
110.793
110.436
109.952
110.649
109.963
112.914
112.865
113.109
115.347
120.303
123.284
124.831
126.533
209.969
325.493
319.113
315.02
322.705
325.678
314.225
331.664
330.097
321.571
329.948
331.537
325.724
321.897
313.033
315.05
323.163
309.487
306.654
306.372
309.989
299.225
295.367
298.089
293.476
294.368
288.668
291.798
289.545
286.156
285.365
295.479
287.898
282.133
282.74
284.729
284.473
283.075
283.156
280.385
284.695
281.495
276.466
275.642
277.096
276.732
271.506
268.412
276.176
271.771
266.062
269.115
275.406
267.759
267.813
266.034
272.022
268.86
263.832
262.205
268.232
269.537
262.797
261.235
264.276
262.735
259.574
263.281
260.517
264.996
258.844
262.391
258.851
259.959
253.552
260.668
260.01
262.952
255.357
256.812
261.373
259.882
252.156
258.693
256.595
260.449
249.142
256.011
250.068
254.579
244.884
254.818
244.825
252.826
242.7
251.092
242.78
249.468
238.444
250.612
239.012
247.47
236.586
250.955
238.091
243.208
237.45
250.217
238.258
243.893
238.807
247.818
238.147
240.168
237.179
246.986
236.881
240.57
234.222
246.122
235.431
239.095
234.438
243.412
233.306
238.231
231.922
243.409
230.697
235.524
230.127
241.378
234.586
233.882
228.769
239.258
230.857
233.798
226.397
237.17
232.631
232.909
226.287
236.901
230.376
236.632
222.969
235.682
226.863
238.022
221.42
237.095
227.702
236.324
221.482
235.87
228.4
233.657
226.143
233.338
227.361
236.468
223.433
231.41
226.468
230.723
222.817
230.662
225.067
230.187
220.829
234.458
224.231
229.062
221.054
228.293
221.408
227.898
219.883
227.674
219.98
227.313
217.837
226.706
218.353
226.437
218.886
228.942
219.277
229.876
218.841
228.63
216.748
226.419
216.857
227.107
216.385
228.163
216.272
225.294
217.675
227.392
216.842
224.216
219.176
225.271
215.423
225.528
217.486
225.526
215.714
226.026
216.375
222.338
216.701
224.664
220.564
220.786
216.778
224.72
218.658
221.275
215.123
221.254
216.824
219.096
218.905
221.029
216.288
221.867
217.358
220.471
216.519
218.997
216.775
222.785
214.372
218.207
217.399
218.497
214.455
219.293
218.752
218.859
213.796
218.719
215.267
216.188
214.126
215.294
214.253
212.754
202.539
179.423
183.466
194.993
189.93
179.016
167.298
166.792
171.044
166.984
159.638
154.855
151.664
146.859
145.935
143.883
139.778
134.229
132.391
130.103
129.151
124.485
128.396
127.149
127.026
124.94
123.388
124.343
124.358
124.693
123.054
125.513
122.65
121.095
121.045
118.327
116.063
117.495
118.38
120.222
121.597
119.46
116.917
118.625
118.717
116.34
118.85
116.98
116.874
115.742
115.041
114.132
116.214
112.724
113.598
112.231
113.677
110.869
110.386
110.856
114.234
112.111
112.235
111.389
110.409
108.331
107.2
107.858
107.564
107.488
108.801
108.479
107.878
106.336
104.009
103.836
105.165
103.206
103.085
103.312
103.809
103.477
102.871
101.122
102.347
102.882
105.057
103.944
104.017
104.608
102.512
104.682
105.316
104.197
103.287
102.72
100.756
101.469
99.5163
100.752
100.788
100.301
98.9995
98.9316
98.1043
98.7435
98.7072
96.9725
96.6169
97.1345
98.5461
100.583
100.709
101.245
99.6294
99.3929
100.678
99.4632
100.112
100.386
98.8841
101.229
101.251
100.079
99.838
100.331
100.649
99.2048
99.5428
98.399
99.3575
97.8501
98.8352
100.507
98.8655
98.4828
100.652
98.2505
99.0545
99.0368
99.8073
99.0149
98.9767
98.1513
99.9595
99.1527
100.074
99.4223
100.993
99.2253
99.1904
100.15
99.8766
99.3692
99.3943
98.879
100.482
100.546
100.213
98.074
99.054
99.2472
99.6173
100.392
100.149
100.047
100.595
103.192
99.3748
100.999
100.352
100.798
100.512
99.9832
99.8715
102.423
102.675
102.593
102.868
102.311
100.429
100.037
101.441
99.8543
102.32
101.892
100.749
100.718
99.7277
101.471
99.6243
99.2947
98.5847
100.108
98.4218
98.7458
97.6583
97.6164
97.5107
99.5126
96.9972
96.7193
96.1518
97.4046
98.6653
99.3859
98.3305
98.8082
99.7872
100.881
101.703
100.297
99.4306
98.9316
99.041
98.6927
98.7663
99.5033
99.5186
99.6318
102.137
102.722
100.632
100.524
100.45
100.536
101.372
102.92
103.42
104.324
103.705
103.067
104.989
105.04
103.327
104.101
104.199
100.728
102.482
104.135
101.461
102.149
102.499
101.044
104.272
104.592
104.291
103.937
104.159
104.607
103.724
104.178
103.61
105.047
102.938
103.709
105.554
105.162
104.777
104.872
105.51
104.403
105.027
104.834
105.607
107.264
106.431
107.596
105.635
109.398
111.528
111.527
108.91
109.063
108.625
105.986
106.893
107.644
109.671
106.519
105.507
105.4
106.582
107.827
108.093
107.786
108.675
107.536
110.918
112.426
109.795
112.209
114.069
115.132
114.062
112.528
113.402
108.885
111.962
111.628
110.671
114.676
113.986
114.571
116.166
118.769
117.593
123.577
212.101
327.028
300.874
329.867
326.815
335.82
310.036
316
298.061
321.705
317.946
323.101
319.262
322.064
319.984
309.543
295.633
312.794
323.757
312.432
297.992
305.106
316.649
302.933
297.746
301.648
304.503
307.466
301.595
301.821
304.578
298.942
300.285
300.238
311.291
299.316
303.92
287.552
306.924
297.465
300.831
286.028
300.892
291.498
295.941
281.478
292.207
298.039
292.736
282.982
290.462
292.572
282.632
278.758
287.829
285.668
282.689
274.401
282.359
286.998
279.427
272.017
284.212
282.976
279.753
278.313
277.35
279.485
279.759
275.215
274.639
283.305
274.596
276.313
266.421
276.594
272.731
273.647
268.606
279.315
271.09
273.616
267.818
275.25
268.765
271.131
268.105
275.511
262.937
269.03
257.886
272.618
262.277
265.706
258.185
268.112
258.832
267.661
256.511
269.718
255.519
263.519
256.165
264.429
255.621
264.73
251.614
264.13
251.189
259.976
251.338
260.308
253.42
258.592
244.295
258.405
246.863
253.683
243.748
254.385
244.984
250.419
243.358
252.248
241.887
251.332
242.345
250.264
242.443
250.294
238.857
250.125
242.986
246.183
239.573
250.903
239.266
247.178
235.807
252.338
243.59
242.922
235.639
249.034
242.619
245.704
236.709
250.037
240.46
239.874
238.557
246.799
239.786
242.561
234.671
243.367
236.415
241.128
235.497
241.982
232.911
241.666
232.438
242.11
233.099
238.876
233.713
239.57
232.989
235.407
232.252
241.992
232.328
236.842
231.934
238.527
233.649
236.317
232.757
238.92
233.744
236.318
231.475
236.005
235.788
233.597
230.066
236.038
234.246
234.333
229.642
235.03
233.804
235.814
231.241
235.347
233.45
235.479
231.722
236.516
231.211
232.555
229.992
231.58
229.962
234.297
230.236
232.646
226.538
232.002
227.186
233.116
225.968
231.412
226.098
233.481
226.001
231.321
230.138
233.323
225.154
232.431
225.899
231.804
228.013
227.795
228.161
232.547
227.587
229.969
226.962
229.423
222.564
228.397
224.991
229.856
225.487
223.851
227.792
229.586
223.974
226.959
225.632
231.15
223.731
225.527
225.39
226.991
224.008
227.202
223.793
218.371
210.738
186.551
195.716
205.127
202.624
189.202
177.205
179.087
181.447
176.113
172.855
165.668
159.863
154.299
152.518
148.777
149.817
142.576
140.794
138.946
138.975
132.718
136.554
133.39
134.509
133.581
132.349
129.684
129.403
129.122
125.64
124.473
126.421
124.13
124.188
123.236
123.358
122.689
120.388
123.157
121.286
122.305
121.231
122.797
120.937
120.02
118.805
116.947
118.498
117.475
116.255
117.479
115.641
115.854
116.399
116.51
113.982
113.154
115.225
114.831
116.783
113.919
112.423
115.033
115.066
113.164
116.4
114.067
114.285
115.191
115.232
116.433
115.347
115.69
115.122
116.02
116.611
115.287
115.266
114.549
115.199
114.672
112.058
113.9
112.67
112.824
111.774
111.419
111.975
113.426
112.826
113.484
111.324
113.493
114.254
112.319
113.905
111.744
110.479
108.957
110.864
109.139
109.924
109.585
110.939
112.297
111.064
112.106
112.73
110.926
111.446
112.026
112.134
111.543
110.844
110.155
109.708
108.051
108.389
109.286
108.025
107.6
108.935
111.554
112.468
112.713
110.709
110.087
109.405
108.488
110.086
108.453
108.7
108.894
109.423
109.439
110.732
111.982
113.628
110.601
108.844
109.355
108.572
108.058
108.077
109.227
110.137
109.24
111.105
110.28
108.6
109.673
107.791
108.73
109.882
110.417
109.287
109.158
110.04
108.498
109.21
108.25
108.062
109.043
107.171
109.275
107.524
108.86
110.012
108.421
109.287
108.61
108.984
107.728
108.291
108.7
110.127
109.973
109.266
107.326
107.547
109.049
107.502
108.166
106.642
108.015
107.455
108.143
105.946
106.342
108.917
108.503
107.717
109.555
109.808
109.841
108.505
107.818
107.827
108.67
105.493
105.839
105.756
106.189
107.405
107.42
107.604
108.189
107.101
109.057
109.73
108.801
108.178
110.252
110.53
111.304
111.139
111.503
111.316
110.456
111.547
111.558
113.596
113.628
113.593
113.034
112.686
112.737
111.372
111.611
109.631
109.877
109.901
111.072
110.294
111.587
112.611
112.072
110.338
109.076
111.684
110.909
110.636
111.062
109.471
110.392
109.834
110.12
110.03
111.64
113.96
113.623
112.793
115.124
116.136
113.598
113.959
111.758
112.192
111.496
112.35
112.624
113.138
114.243
114.534
113.677
114.363
114.93
113.148
113.11
113.244
111.335
112.475
112.299
112.553
111.545
111.285
111.676
112.877
113.025
111.982
110.132
110.216
109.479
110.131
112.462
111.913
112.071
111.615
111.278
109.414
111.817
111.571
111.229
111.871
112.589
113.444
113.408
111.939
112.059
111.653
111.851
112.698
113.302
111.991
111.583
110.849
111.038
115.024
114.651
115.425
113.693
114.803
112.908
114.926
113.434
114.384
114.891
113.337
113.574
111.895
112.208
112.128
112.926
111.949
112.247
112.154
115.092
114.706
114.857
116.432
116.426
116.543
118.438
117.081
115.773
116.74
116.788
117.879
116.811
116.15
116.811
116.885
117.012
114.245
114.547
114.394
115.045
115.211
115.998
117.773
120.522
120.607
122.056
120.411
123.876
123.992
122.64
123.725
119.979
121.076
121.786
124.459
125.171
131.137
131.845
130.26
132.129
