59.6876
94.8315
101.691
105.273
107.207
108.457
107.912
109.832
105.583
103.323
103.993
108.517
106.168
102.5
105.128
103.738
100.249
99.3734
96.6536
99.7197
96.7412
102.092
94.8245
103.997
94.6234
95.4143
92.872
98.0959
93.5507
91.2509
89.9148
90.0889
90.7919
87.5801
88.9311
89.7402
89.3189
85.8543
85.4674
90.48
84.5871
87.4479
85.7081
89.4721
86.4032
87.6676
86.0526
85.3757
86.6029
85.5172
83.7123
84.9064
81.324
84.3198
82.4181
82.7486
81.8217
82.8161
80.7458
80.5414
80.4181
79.4618
79.3426
81.392
80.1639
80.142
79.2798
80.2547
79.7398
79.987
79.7034
78.8594
77.702
75.6499
76.1262
77.5396
77.7803
80.7551
80.3538
78.6555
80.2733
81.3245
80.9479
77.5829
79.5903
78.1522
76.96
75.1876
76.6704
75.6034
75.4944
75.0666
75.8152
74.7691
75.872
73.3347
73.9334
77.1825
75.0507
73.4493
72.8617
74.2463
72.8343
72.1164
73.3966
71.8678
73.8087
72.4679
73.1252
74.047
74.7672
72.2803
73.703
74.4101
73.6876
72.852
72.4916
72.4176
73.331
72.3119
75.1648
73.4916
73.9544
72.4725
71.7682
75.1774
73.3366
72.3766
75.2048
74.7407
72.3324
71.9725
74.1532
70.6117
72.1099
71.1862
74.676
72.5144
72.5624
70.0391
73.9143
75.3799
73.9539
70.2174
74.1825
72.1862
72.534
71.8999
72.9278
71.6932
72.1657
72.885
70.7137
73.6476
72.7891
72.9129
72.4302
71.2398
70.8934
70.5759
68.9451
70.5661
70.5996
71.014
69.932
70.2691
69.095
71.1746
70.9697
70.6518
68.5917
69.3464
68.5684
67.5703
68.6085
69.581
70.1792
66.304
69.0126
65.9991
69.9125
67.8068
69.4828
68.1457
68.3887
68.6471
68.6099
67.1937
68.433
69.5903
71.0717
69.2561
68.9339
67.9311
68.3706
68.3966
69.9153
68.1853
68.831
69.0419
69.2751
68.7304
67.7509
68.3068
67.7598
66.5573
67.2672
68.2872
69.2514
68.25
67.7304
67.0345
67.4595
70.1965
68.9856
68.4246
69.2034
70.5866
68.1499
66.034
67.0428
69.7007
69.9181
68.4488
68.5186
69.4777
68.7193
67.2058
66.7831
68.622
67.9581
68.8953
68.7514
68.8571
70.2123
68.0922
70.1038
68.9772
69.7351
69.5996
69.3617
68.7966
69.3752
68.689
71.2882
71.0675
70.4921
68.4013
69.5307
68.8957
68.2654
68.6466
69.1969
60.9777
58.4236
62.527
62.7011
61.7016
60.0116
55.737
55.5014
55.898
53.3357
52.318
50.6895
50.9618
47.946
46.8035
49.1266
48.5754
48.9302
48.4362
46.8934
45.3943
45.4697
44.2514
43.8608
45.7174
44.7002
45.0191
45.8445
44.9725
42.3757
43.1555
44.2328
43.9395
45.0638
43.7449
43.0354
42.6271
42.6704
42.0228
42.1266
41.7607
40.4651
40.3785
39.7412
39.1625
40.4353
39.5615
39.3031
40.2435
39.3468
40.1159
39.6997
40.0074
40.3194
42.8045
41.0698
43.2812
42.7672
43.3166
42.5722
42.1611
41.284
42.0335
41.4553
41.5819
41.8305
40.7523
41.7598
41.0661
42.804
42.9372
43.1578
42.2723
43.1355
42.6229
43.6937
43.9842
43.4874
43.1778
43.2556
43.8468
43.6764
43.3459
44.2714
44.6527
44.1993
43.6387
43.8701
44.6006
43.6006
43.8585
44.4953
43.9372
44.1099
44.0619
44.0112
41.5964
42.5503
42.4213
42.1243
42.2984
42.6508
43.3836
42.4511
43.8031
44.3305
44.074
44.2709
45.1201
43.879
44.6937
44.9921
45.4148
44.635
43.4134
43.2398
43.4525
44.6769
43.7747
44.1238
43.6783
43.5079
43.6727
44.0833
46.2267
46.0014
46.0172
45.8347
45.871
45.8948
46.6965
47.1993
48.5964
47.4409
46.7202
46.953
47.8575
47.8091
46.8547
46.6266
46.142
46.2826
46.5745
46.804
47.4302
47.6625
47.8859
47.2095
47.3561
48.067
48.6997
48.2146
47.8617
48.1736
48.0074
48.202
50.007
51.0764
49.6681
49.4218
49.4427
50.4949
49.8403
49.4395
49.5829
49.9977
50.5601
50.5978
50.9297
51.169
51.1541
51.4395
51.4614
51.2365
50.2626
50.4995
50.392
51.0289
50.6341
51.0084
50.0033
50.7281
50.4763
51.2062
52.5321
52.906
51.2658
51.4507
51.8831
51.3524
52.0694
53.1313
53.4572
51.6685
52.3049
51.8655
51.5396
51.7426
51.3762
52.5209
52.7863
53.5452
52.912
53.0456
52.9064
52.4437
52.243
52.095
52.6252
51.8729
52.1331
53.0964
52.7388
52.6569
54.2193
53.8831
55.0964
54.1169
53.7933
54.2593
54.6169
54.2993
54.0964
54.3696
54.4916
53.8371
54.7118
54.1238
54.7384
55.9511
55.6858
56.6234
57.2877
58.5219
58.3319
57.7542
57.1899
57.3543
56.8645
57.1425
56.716
57.027
57.1057
57.3487
56.9995
57.3021
57.8897
57.703
57.7277
57.5885
57.6345
57.4735
58.3254
57.9665
58.0982
58.2998
58.5596
58.189
58.297
58.7002
58.1532
58.0056
58.3082
57.4236
57.8534
58.0135
57.797
58.3487
58.0265
58.7034
59.0549
58.7584
58.9153
58.7649
57.9348
58.2491
57.7961
60.1513
59.6159
59.4944
59.0791
57.6094
58.3608
58.2053
58.3873
58.21
59.0084
59.0973
59.5191
60.4078
61.0056
59.6001
60.6774
60.5298
59.8161
59.9972
60.9465
60.7002
61.0121
60.966
60.4255
61.8026
61.5247
62.5493
62.446
62.412
61.838
62.9316
62.7779
63.236
63.5312
64.0777
65.0577
65.4083
64.5712
63.6951
65.1206
64.5596
65.5019
66.5549
66.216
66.825
69.095
70.4167
73.0601
78.2789
78.2179
57.7384
92.4646
100.012
102.642
111.155
104.107
109.741
109.348
104.395
103.021
105.22
106.574
102.733
102.642
102.706
101
98.4711
99.9935
92.7831
99.358
91.3976
102.436
95.6606
100.305
91.0587
99.4199
88.6513
94.5722
90.3808
89.8636
87.4576
89.6304
88.1415
91.7654
88.8166
88.6443
84.8259
91.648
86.1182
88.0722
86.7877
89.5335
83.2388
85.52
78.9181
83.5317
81.3971
82.7072
79.0717
85.2775
80.6117
82.8291
78.7966
82.5638
78.5317
82.6564
77.1909
83.3296
78.0605
80.0736
75.4953
77.8501
77.6844
80.4367
74.8901
80.2705
74.378
77.4148
75.3115
82.3557
74.0042
79.7882
74.2272
77.8445
72.8277
77.1425
75.1462
77.7416
77.453
74.7533
72.2179
74.1918
73.6601
73.8994
72.196
77.2654
74.1047
73.6187
71.6792
73.2542
72.6383
72.8468
73.3804
75.6359
71.0284
75.5535
71.8948
76.622
72.675
74.621
69.9004
74.3883
71.439
74.5885
73.6648
72.2654
71.5363
72.4646
72.2658
71.8561
73.0903
72.5857
71.4162
74.0177
73.2733
73.4274
72.3101
72.4465
71.0563
74.0885
72.317
70.8999
71.6164
72.2426
69.5936
70.0582
69.3464
68.9013
70.6932
72.2384
70.4474
70.8887
69.3873
69.1029
68.2914
70.3701
69.7919
70.9274
68.9171
69.1858
68.7868
69.7602
66.2737
69.5461
67.6867
69.6252
67.6238
67.6229
66.7263
68.6508
69.2309
67.703
69.3911
69.0982
66.2733
68.8534
67.6443
68.2914
67.3254
68.3031
65.4432
66.8566
63.5438
66.2765
66.8608
67.5796
67.3096
68.8124
65.6252
66.0829
66.5866
69.3538
67.0736
68.3534
66.0466
67.5615
64.5568
67.0009
65.5158
71.3007
65.7765
69.0852
68.0605
68.3487
67.3534
69.2258
67.8743
70.0684
66.2402
67.392
68.7975
69.5782
66.2207
69.0424
68.108
70.2491
67.2817
68.1769
67.4739
68.9381
68.0093
66.784
65.5377
68.7737
64.4846
66.4474
64.7267
65.6885
63.8124
65.4204
64.7174
64.9018
64.8696
64.8678
63.1746
65.5926
64.3422
65.8324
64.1895
66.3226
63.1518
65.0615
63.1769
65.3864
64.7267
64.4949
66.1331
65.8147
63.8287
64.216
63.4353
66.3166
65.9949
66.4884
66.0922
67.075
64.7751
65.3142
66.1932
65.9376
65.0712
66.5554
62.9362
67.1085
61.9767
64.6769
64.1578
67.7398
62.5009
65.1536
63.8077
63.7775
65.3026
61.824
59.2602
62.8166
59.3953
57.7016
55.9995
55.2952
53.8762
55.2072
51.0601
51.1341
49.3897
49.5843
50.9977
48.5484
48.4749
47.3319
49.372
47.1001
46.8845
46.175
46.9502
45.6201
44.4576
44.6266
44.4981
46.1918
45.5112
44.1387
42.9181
45.0144
45.8035
46.1364
45.9395
45.0028
45.2919
45.1094
44.5154
44.2672
44.6378
45.0936
44.3268
43.3901
43.2993
42.3366
42.2351
41.486
41.7924
42.7658
42.4502
42.9404
43.7709
43.6061
42.3804
43.7155
43.7323
43.4949
43.7705
44.6052
45.1262
43.5228
43.29
44.298
44.4837
43.7337
43.9907
43.2295
43.6406
43.9181
43.7975
44.7449
44.9083
45.4907
45.3599
45.8631
48.77
47.8985
47.7658
47.2919
47.0005
46.4148
46.6681
47.5796
47.6527
50.4209
49.473
49.4702
48.5912
49.5661
50.2318
48.0023
47.9823
48.7002
47.3371
46.8799
46.9572
46.8869
47.6583
47.2533
46.0428
46.0414
46.2137
46.8655
46.6327
45.0773
46.1718
45.3291
45.0838
45.466
45.4101
44.4902
45.3929
44.7486
44.2128
44.9851
44.2798
45.3715
44.4893
44.5638
44.8845
45.9632
45.8347
45.4372
44.8752
45.3501
44.7486
44.8827
45.2062
44.1457
45.0945
44.5219
45.1993
44.5102
44.2719
44.6224
44.4097
44.4162
44.6816
44.3096
44.338
44.4981
44.5116
44.703
44.2072
44.54
43.4809
43.7034
43.9548
45.1192
45.8943
44.952
45.6117
45.1285
45.4674
45.7342
45.1294
45.04
45.0684
45.3073
45.6229
45.8994
46.3831
46.0847
45.7793
46.0857
46.3585
46.7398
45.8906
46.1913
46.2565
45.9665
46.3659
46.6159
46.952
46.2956
46.9576
46.4302
46.5489
48.8999
48.2551
48.8166
48.3538
48.4576
48.6294
48.5568
48.8333
49.9646
49.2379
49.2882
48.9292
50.6615
50.8971
50.8105
49.8371
50.0293
50.8352
52.1802
50.4674
50.8831
51.0885
51.2183
50.9572
50.8305
50.1136
51.0396
51.0009
51.473
50.8189
50.9246
51.0037
50.7007
52.3091
51.6052
51.1504
52.1224
52.2123
51.1685
52.2328
52.3701
53.5223
52.8948
53.2104
53.4679
55.3929
54.574
54.4707
55.3119
55.1965
55.4125
55.6127
54.6867
54.169
53.5577
53.3287
53.1439
53.716
53.2249
52.9716
53.4078
54.2193
54.4381
54.1993
54.2291
54.1434
54.5633
54.1164
53.2323
54.0829
54.6122
53.3324
55.1764
56.1667
55.8212
55.1397
54.2453
53.9036
54.6513
54.9828
55.21
54.8901
55.4879
55.9786
56.2798
57.5275
56.1555
55.7621
55.594
55.9739
55.7211
56.4255
56.3985
57.8422
59.2151
57.9344
57.5535
58.79
58.797
58.9134
58.629
58.0819
58.0237
58.0126
59.8496
58.9767
58.0838
59.0037
59.013
57.9423
58.4725
58.5694
58.6336
59.5857
59.2011
59.8864
59.6802
59.5903
59.1941
59.5168
59.1681
59.5196
59.1988
59.0228
59.1411
59.2672
58.9912
60.0652
61.6955
62.2626
62.0466
62.2197
60.9399
60.764
61.013
61.3301
61.4721
62.4469
62.9413
62.9642
64.6792
66.412
66.5149
69.3412
68.6201
70.1234
73.7132
76.4739
79.4325
59.0177
95.0405
101.354
103.215
103.746
104.39
103.834
108.358
107.665
103.616
102.629
108.175
105.051
104.009
105.381
101.095
103.023
100.074
97.5964
100.591
93.7588
97.209
92.987
97.5107
97.4753
99.3222
89.1127
92.8892
90.2593
92.6462
90.9018
91.3743
86.4171
91.5833
84.8236
91.0489
82.9069
89.0745
84.0405
87.2672
85.1015
89.4101
84.1639
85.9986
80.4129
84.0605
80.9888
82.9902
80.2286
83.7318
76.824
82.5917
77.4809
81.1034
81.2691
81.5968
78.46
80.129
80.2412
76.5647
75.6476
77.412
76.4078
78.1313
74.7686
75.6499
75.4348
78.4413
75.8105
78.919
75.3454
79.8194
75.6387
78.0317
73.8669
75.5317
74.0307
75.8501
69.7723
73.1085
72.203
74.4069
69.1192
73.7626
69.4162
73.4004
67.5666
72.5051
69.952
74.1643
69.6792
73.6066
67.2663
71.8352
68.5219
75.1555
68.1811
72.4637
68.7137
74.0638
69.2561
69.6546
69.4334
70.5894
70.6127
70.3678
68.9958
70.4264
69.1387
71.0959
69.1304
68.2444
67.4027
71.892
70.8175
69.2398
68.3436
72.1881
69.175
71.1341
68.4818
71.8296
70.5568
70.3836
71.1392
71.2356
68.3948
70.75
69.2053
70.5345
66.4725
68.7691
68.5526
70.0615
70.7952
70.1117
67.6597
68.6392
67.7793
66.1071
68.1685
67.1909
66.1285
67.9469
67.7281
69.5209
67.2775
68.1937
66.7584
69.1383
65.7244
67.4032
65.2561
68.1615
64.5033
67.5722
66.6532
67.8669
66.1648
66.2486
66.6476
67.0382
66.8431
67.7007
66.5456
68.1736
65.2188
67.844
64.7719
67.2211
65.9735
66.9711
66.5135
67.804
64.9739
67.0587
65.797
66.4497
66.034
67.7742
64.6122
66.8422
64.8822
67.973
65.2286
64.5549
63.0065
64.9455
63.919
64.4348
64.459
65.7765
64.101
66.2239
64.7165
65.5386
64.061
64.96
63.9334
64.1932
62.9372
65.4981
64.9935
64.9078
64.399
66.2509
65.3073
65.3669
64.5345
65.6043
65.4837
63.9763
64.6974
65.0424
62.8198
65.8743
64.0768
65.0917
63.9362
65.9167
65.8883
65.9972
63.3045
64.392
63.9539
65.9753
65.8818
67.4823
66.0312
64.351
66.4697
65.2384
67.8166
67.7537
67.8445
70.0438
66.8929
67.3045
64.1331
67.0182
66.4511
69.5922
64.0121
67.5079
63.3659
64.5135
63.9176
64.9632
64.3724
62.2565
64.4618
63.4013
61.9302
55.6997
59.8873
57.6592
55.0787
55.4153
52.6653
54.094
54.7421
53.3729
52.7412
50.8831
49.9041
50.6969
48.6853
46.9907
48.6885
48.0936
49.0521
46.8571
46.5014
45.6783
46.4418
44.9432
44.0037
46.669
46.594
46.7514
44.4269
44.8892
44.1127
44.2137
44.297
44.4018
42.7547
41.5996
43.1583
43.2346
42.4944
41.6345
41.7598
42.3929
42.0768
42.1206
42.9716
42.1867
42.5577
42.8338
43.5135
44.1606
43.825
43.0996
44.3059
43.3515
43.2858
43.7942
44.433
43.7263
43.9828
45.5656
46.4986
47.1569
46.9088
47.5833
47.2048
47.7244
47.3757
46.7309
46.7342
47.9302
48.0023
48.743
48.9185
47.1639
48.0577
47.3035
47.933
47.0074
48.3641
48.1397
47.9907
47.3385
47.3506
45.6681
47.3971
47.7868
46.8901
47.4218
46.4385
47.655
47.5005
47.5209
46.7216
47.156
46.7155
46.79
46.0512
46.1434
45.9441
46.3859
46.0926
46.5084
46.5675
46.7314
46.318
46.0736
47.2882
47.2025
47.9306
48.013
46.9302
47.7393
47.513
47.4991
47.1764
46.9772
48.8748
49.3524
48.1881
48.5182
48.0619
47.9516
48.1648
48.1941
49.0102
49.2765
49.5694
49.0196
48.4139
49.6923
49.3096
49.1252
50.4022
50.2207
50.2067
50.034
49.2793
49.8319
50.3948
49.9865
48.5307
50.1336
49.6727
49.352
50.0293
49.6252
49.8845
47.9134
48.2337
48.4791
48.6872
48.3007
46.5019
46.5549
46.2398
47.074
48.3007
47.3487
48.6574
48.6867
48.155
47.9884
48.121
47.344
47.4991
47.6555
47.791
46.4879
46.723
46.3687
47.3133
47.9283
48.7216
48.9912
48.2593
49.5051
49.2011
47.6215
48.9013
51.331
49.8371
49.8296
50.4516
50.6108
51.2789
50.7039
52.0121
51.9423
51.3985
52.872
52.2491
52.2863
52.2616
52.1108
51.8352
53.0084
53.7551
53.0894
53.3054
52.9669
52.8738
52.7933
53.5354
53.1345
53.0303
53.0633
53.4306
53.3985
53.6043
53.1308
53.1643
53.0493
52.1806
52.5498
52.1341
52.6955
52.7114
53.0223
52.2966
53.7761
53.818
53.9511
54.1695
53.1909
53.6681
54.2109
53.5903
52.9651
52.8198
53.912
53.3236
53.1909
54.5978
54.0289
53.9134
52.9739
54.1136
54.1192
52.879
52.6816
52.7561
53.0279
52.4772
53.1713
53.1718
55.0461
54.9493
53.831
53.9711
54.4106
54.156
53.7304
53.9437
53.8059
53.5689
55.0251
53.0126
53.0633
53.5577
53.014
52.7588
52.4358
53.0307
52.8343
54.1727
54.102
54.0126
53.7663
53.8333
55.2412
55.2472
54.101
54.2537
55.0978
55.7169
55.723
55.439
55.3226
55.2207
55.9926
55.7938
55.9595
55.7477
55.1564
56.7602
56.425
55.6508
55.3087
55.2128
54.9511
54.9553
55.1024
56.0289
56.4385
56.77
55.8194
55.5591
55.6504
55.148
56.2472
56.102
57.6899
60.9404
60.6895
59.9376
60.4991
59.1848
59.1373
59.3934
59.3152
59.3655
60.3338
60.5857
61.1494
60.074
59.7253
59.7849
60.9576
61.0438
61.3603
61.4977
61.6685
61.3082
62.3319
60.5209
61.0233
60.0754
59.7588
60.3734
60.4632
61.3748
61.2644
62.6238
64.0596
65.3068
66.9926
65.6969
73.4995
57.9232
94.7281
99.1052
101.387
105.747
110.736
105.788
109.586
104.212
103.713
101.108
102.767
102.132
102.149
104.832
100.758
102.196
98.6746
93.6881
102.378
92.0182
97.2528
98.5079
99.5959
92.8557
92.5894
90.6723
92.9981
88.8482
89.8599
85.9101
88.8203
86.4944
87.892
88.04
89.7547
89.7723
84.8417
84.0638
92.1736
86.2384
84.3492
80.6792
85.5112
83.3082
82.5084
81.5628
82.5633
82.946
81.2602
80.9204
85.1476
82.2542
84.7272
81.5182
84.3319
82.3492
83.4218
81.1718
82.6671
81.2696
81.6425
79.2151
79.7561
80.5726
82.2034
76.9092
80.1532
80.9525
80.5424
77.4288
77.7393
77.3236
77.4516
74.5284
76.2872
75.8399
77.9958
75.7183
78.0005
78.6513
77.5968
74.9101
78.3245
75.6034
76.8408
75.7682
76.8412
73.1266
75.8031
75.5251
72.5689
75.6369
74.7142
71.7663
73.8552
72.5768
72.595
72.0023
74.0787
74.0196
71.4977
73.3622
72.2565
72.0424
73.392
72.7793
75.5517
72.4353
76.0531
72.6331
75.8487
69.8785
75.7514
71.7817
72.2263
70.5945
70.973
71.1802
71.871
74.3538
72.0777
73.9893
74.1904
73.7709
71.7574
73.175
72.1993
73.0349
71.5317
72.4604
70.9991
73.5419
70.9544
70.4963
70.8929
70.9358
72.3454
69.2705
72.2868
71.4702
70.0852
69.5438
69.8091
68.4986
68.9334
69.5386
69.5754
71.1853
69.9362
67.1993
68.318
70.4884
68.7179
70.1094
69.4986
70.8543
68.1001
69.4311
67.5959
69.6122
67.3678
70.2616
68.7737
68.6075
68.6038
68.7742
68.709
68.3273
69.4264
68.4609
69.04
66.676
67.4162
70.392
68.71
71.4181
67.6373
66.8478
68.5009
69.534
70.5801
69.1425
68.0317
69.6969
67.9046
69.0452
65.9888
68.8305
67.0498
69.2858
68.2505
67.0894
68.5726
68.8524
73.4544
69.2407
71.0326
70.5093
69.7421
68.5433
67.291
69.6238
67.9544
69.5591
65.737
69.0061
68.3236
68.3412
67.0233
68.2733
67.5931
68.102
65.1373
65.906
62.3571
65.2784
63.4907
66.2849
63.5829
62.6243
64.3073
63.2398
65.2444
65.1732
65.3743
65.648
64.5088
65.4832
66.5717
66.615
62.3101
66.5196
64.2654
66.4181
64.9283
66.5568
66.2947
67.8682
66.3478
66.2942
64.1997
65.304
64.162
66.1196
66.5242
64.4972
63.5745
64.6997
63.9939
64.534
64.8799
61.6969
59.2696
61.5954
62.8003
62.4088
59.1308
57.378
55.3115
56.5438
55.9581
54.2286
50.4981
50.3431
49.3003
50.885
47.5698
45.7593
45.4325
46.2542
46.243
45.2267
50.8194
48.1546
47.4586
47.3133
45.9786
46.6951
45.3864
47.1494
45.8701
47.142
46.2649
46.352
47.176
45.8096
43.9092
45.3804
44.284
46.3166
45.1196
45.6271
45.2281
45.0493
44.2193
44.3268
44.1229
43.7407
43.844
45.9078
46.1885
46.1634
45.9851
46.7891
46.7956
48.2896
48.0885
48.1434
48.851
48.9064
48.2989
47.3543
47.6508
47.4614
49.3105
48.3436
49.878
49.3026
49.5461
48.7561
48.5764
49.4078
48.2803
48.6397
47.7477
48.3752
48.8729
49.2225
49.2658
49.6178
48.9427
49.4525
49.9451
50.3045
50.3627
49.0824
48.1141
49.9264
48.9907
49.7779
49.2654
49.1215
49.0647
49.5526
47.4655
47.48
47.1508
45.8734
45.8547
46.351
46.0484
47.6234
46.7682
47.0638
47.3748
47.1071
47.034
47.7863
47.5782
47.3608
47.5889
47.513
46.7593
46.6378
46.6657
46.6089
46.7938
46.0717
45.7551
46.8887
45.4553
45.6364
46.0875
46.0601
45.4399
46.4241
46.7556
46.3845
46.9111
45.8375
46.6327
45.8222
46.8063
45.9316
46.2197
45.9083
46.3375
46.5647
47.3138
47.2388
46.8324
46.6564
46.6844
46.7235
47.3748
46.5442
46.3599
47.2146
46.5964
44.7835
45.3166
44.8897
44.2291
44.9115
44.7588
44.7677
44.6383
44.4702
44.4399
46.8385
46.236
46.2919
46.0466
46.4339
46.615
45.9926
46.0051
47.2942
47.1983
47.0102
46.885
47.0507
46.6578
46.6085
46.7277
47.9562
47.5703
48.0372
47.2817
46.9902
47.6811
48.4688
47.8818
48.9926
49.777
50.986
51.8627
53.041
52.0223
52.216
52.075
51.2095
51.3385
51.4539
51.5549
50.8412
50.8818
50.4977
50.575
50.1969
50.7723
50.1895
50.6318
49.831
50.0815
49.432
49.0172
50.4548
50.2332
50.7137
50.6555
50.9204
51.2095
50.7244
51.0796
50.8724
51.0396
51.1746
50.899
51.2458
51.4316
51.1513
51.8673
51.5172
51.6923
51.5531
51.1378
50.9888
51.4939
51.4078
51.6294
51.6662
50.8543
51.3417
51.1918
51.3208
51.5684
51.1932
51.3957
52.1546
52.094
52.1844
51.9865
51.7398
54.2174
53.9451
54.8296
55.1955
55.412
54.4316
55.3752
53.298
53.0177
54.1439
53.3426
53.3394
53.8184
54.3305
55.5112
56.4348
56.4744
56.0433
56.3431
55.0112
55.3431
54.993
54.2081
54.5531
54.8147
54.459
54.264
54.352
55.8287
55.5596
55.1313
54.5945
57.0168
57.6513
57.4981
59.5363
57.8385
57.581
57.7151
58.8873
59.3259
59.0847
59.5577
59.96
59.939
59.608
60.3724
60.0251
60.4735
61.7421
62.4241
63.7346
63.6685
63.5014
62.7039
61.9823
62.5619
62.5899
62.5736
63.8752
63.8389
64.2677
64.838
67.5703
68.0959
61.9483
96.3855
99.953
102.27
106.27
107.278
107.431
110.787
105.253
102.222
107.904
102.858
105.174
103.202
106.77
101.104
99.4632
101.132
94.1038
101.065
94.9548
98.8608
95.8925
102.183
99.6904
99.9507
89.8133
93.2328
88.818
89.2207
91.4381
90.5209
85.9209
86.7314
88.1709
88.1713
85.1676
85.8357
87.7584
88.2593
85.0787
86.7668
80.9269
82.2304
81.8077
83.1397
81.0219
84.2304
81.1676
82.2556
82.4814
84.2193
80.0088
81.9209
81.8631
83.0163
82.1676
78.5805
79.5102
80.6653
79.6038
80.4674
80.5391
78.2467
74.8478
78.8231
76.7868
78.2183
75.2779
79.4623
76.5461
78.3501
75.4618
77.3389
73.7142
73.7835
74.79
72.4455
74.9991
74.3659
72.6024
75.155
72.1997
76.1667
73.4055
75.6089
71.3273
72.1709
72.9874
75.7025
69.7388
73.2556
70.3198
76.4716
69.6471
73.0633
71.4474
75.7202
69.737
71.473
69.5959
69.8338
72.2323
69.4534
68.581
70.7286
68.1043
72.5098
70.3156
70.04
67.7817
71.1606
69.3166
70.1411
69.3357
69.2398
69.1448
68.0023
69.2109
67.3794
68.1173
70.1336
70.8729
69.1653
69.9493
66.9516
67.689
67.0601
68.3045
66.4479
68.8925
65.7081
66.8501
67.8142
68.0954
67.3841
68.5787
67.8887
68.5764
67.4134
67.8729
68.4134
69.5456
66.7961
68.0615
67.4981
68.1625
70.263
67.2877
70.6327
70.0805
67.5568
67.3059
69.3748
68.7332
68.4953
67.622
67.9074
69.8892
67.1001
67.1834
67.8357
68.8943
67.0163
66.7547
67.6522
69.0051
65.9804
68.6872
67.7812
67.0885
66.9739
66.5535
67.3226
67.5368
66.6816
67.8203
67.2323
67.3287
65.9995
64.8836
64.0782
67.2007
65.0796
65.0033
66.0633
65.7542
66.1266
64.5112
66.4101
67.0289
63.6685
65.2761
65.7896
67.2626
65.2612
65.3087
66.7705
67.1392
65.8198
67.0456
68.6709
66.6997
67.7342
66.6588
68.8892
67.3743
68.8594
68.3724
67.1792
68.2211
66.2672
67.7128
68.9781
70.3426
69.0424
70.0405
66.014
68.4958
64.291
68.3277
67.5065
69.0135
66.3436
68.4139
65.5051
67.1429
65.8478
67.5265
68.358
69.5419
68.3804
69.3031
65.5587
66.9358
65.561
67.5605
66.824
66.4888
67.5596
66.8142
66.9986
66.554
67.3049
66.9851
65.7472
66.7421
65.284
67.2891
65.8152
66.2523
65.892
65.9637
63.182
62.5582
61.257
61.9292
60.1834
54.0223
55.0656
58.2151
55.7472
53.8575
53.4288
52.1034
51.2016
49.4609
48.3836
49.0978
47.9828
48.3021
47.0894
48.0424
47.331
47.8994
46.4912
44.5857
45.6085
43.9926
43.5363
44.0126
45.149
44.6583
41.952
42.3687
42.7258
41.5647
41.2104
41.7421
41.0843
41.1145
41.6238
43.0899
43.3855
42.2891
42.4376
42.682
42.7272
42.0694
42.6224
42.8724
42.0261
43.0535
43.3329
43.1909
42.9078
42.9479
43.0074
44.7188
44.7239
44.1457
44.7863
43.5847
42.6169
42.6797
42.2845
43.879
43.7416
42.8673
43.5866
43.3752
43.3222
43.453
45.8762
47.3231
46.2179
45.3692
45.183
44.7202
46.1657
45.8799
45.2696
45.7984
45.3245
45.6401
46.8892
47.0121
46.3222
45.9041
47.0084
47.3836
47.0247
47.5694
47.5074
47.0265
47.0619
46.9004
47.2407
47.1411
47.4209
47.0959
48.013
48.3855
48.1071
48.1681
49.3729
48.8054
49.0326
48.9618
47.2132
47.0051
46.4953
46.4851
47.2928
47.9688
46.216
46.514
45.0484
45.1941
45.054
44.9115
44.899
45.0196
45.432
45.3445
45.1955
45.0885
45.2412
45.6453
45.9483
44.8845
44.4167
44.9134
44.8101
44.7696
44.122
44.4181
44.094
44.0149
44.3142
44.0261
44.9302
44.6103
44.9683
45.3357
45.3217
45.7393
45.4334
45.7751
45.8366
45.5926
46.1187
46.5936
45.4902
46.5791
47.6615
46.6783
46.2696
46.419
46.7295
46.7817
47.1341
46.723
47.0033
47.2956
47.5605
47.7193
47.5619
47.0368
47.7137
47.2426
47.0945
46.8431
47.2686
47.4078
47.0745
48.1881
47.6555
48.5805
48.6066
48.5372
48.8534
49.3766
49.8808
49.5517
49.4711
51.0866
50.9856
51.9316
50.8217
50.7467
51.3091
50.7588
51.0559
51.0512
50.2612
50.5871
50.2598
50.0354
49.9772
50.8641
50.8617
50.8422
50.3501
50.3524
50.8771
50.9395
50.8799
52.3766
52.6359
52.371
51.6844
51.9297
52.1071
51.3911
52.513
51.9176
52.0512
51.9437
53.0177
53.1834
52.7872
52.98
55.4465
55.2616
54.4572
54.8766
54.1192
53.6848
53.6103
54.8105
54.878
54.0158
54.7412
54.392
54.9162
54.2598
54.4655
54.5098
54.5722
54.9823
54.8566
53.7412
54.9269
55.6085
54.297
53.4129
53.4884
56.0908
55.7314
55.6695
55.5857
56.2826
54.8948
55.318
55.0135
56.0033
55.6695
56.3813
56.4655
56.5843
56.4963
55.622
56.3152
56.0987
56.6695
55.5275
57.8724
59.4399
57.4297
57.7588
57.9497
57.1718
56.9572
58.3506
59.2761
59.1858
60.0447
60.595
60.3892
60.1164
61.0219
60.6969
60.6457
60.6969
61.2984
60.5889
60.7263
60.9162
61.8389
62.952
62.3957
62.4977
61.6895
61.5973
62.6802
61.8254
61.2123
61.1853
60.5391
60.7891
61.5973
62.8575
63.7402
64.2225
63.7416
63.2291
63.5116
64.2882
65.9069
65.7616
65.4791
65.3506
64.5503
65.0307
65.878
67.088
68.8329
71.122
71.6392
59.6876
95.0158
101.899
105.496
106.328
108.311
108.662
109.608
106.937
104.221
103.826
106.595
105.939
104.035
104.7
100.533
103.776
101.749
97.3017
100.209
98.7775
98.9264
93.6606
99.629
93.9856
98.9162
94.0768
97.1671
94.3631
92.8561
95.115
89.1778
91.7821
87.9046
91.0275
89.1192
87.4083
87.277
85.4488
87.9013
85.2258
86.2737
84.1052
86.5019
84.5321
86.6024
86.5345
86.2835
85.344
88.0461
83.8035
82.7053
81.2621
85.7062
79.3603
81.2626
79.4469
83.331
77.9362
80.6313
78.6951
83.3785
82.8175
79.4711
78.9609
79.6192
79.2477
78.0033
79.3985
81.0177
79.1946
80.5023
75.919
76.9246
78.0028
80.1606
78.2966
79.0829
78.9195
78.1075
78.6955
80.5791
80.1439
78.6341
78.878
77.6671
74.8226
76.392
73.1965
76.02
73.3296
70.8128
74.3138
73.9879
75.7412
72.2626
72.6899
73.5196
74.3403
73.5438
72.8035
75.189
73.392
71.8156
72.2258
73.1913
72.3189
73.7337
72.0121
72.8012
71.4125
72.0782
71.9935
74.6331
73.3371
73.8613
74.3948
75.5349
74.3059
73.6038
74.5652
73.6131
73.601
73.953
73.8156
72.3575
71.3096
70.9092
72.1588
72.0172
73.3939
71.8911
73.77
70.9744
70.9083
72.8585
71.824
72.0102
70.9283
74.7109
70.2654
70.3776
70.4739
71.6904
73.0498
71.2542
70.4064
71.7142
73.0149
71.7197
72.8077
70.7016
70.7509
70.6401
68.5084
68.845
67.8925
70.0414
68.4088
69.8659
69.3799
67.9507
68.7877
70.8659
67.4143
68.2267
66.5489
67.8622
65.2197
68.0452
67.4939
67.2197
66.5833
68.7412
67.9632
67.9348
66.4264
67.5624
69.081
66.7458
68.7993
69.3599
66.5051
66.2076
65.5019
67.2444
66.2751
67.3869
65.8669
69.2318
65.7179
65.9516
63.7858
64.3277
65.7509
63.9651
65.675
64.1359
64.8589
65.987
64.7519
65.3007
66.7602
65.9232
64.5312
64.73
63.9576
64.9581
67.4693
64.6951
67.8096
64.5857
68.4367
64.9688
65.4902
66.6671
67.0452
69.0829
66.3012
68.3389
66.325
68.2882
66.6746
67.2318
67.7253
67.1997
67.372
68.4255
67.4125
68.817
67.852
69.6862
67.3333
69.4637
67.4772
68.8804
66.8478
69.2565
69.8389
67.629
68.4772
68.3268
70.3808
68.4181
68.3953
69.46
70.385
69.8771
69.9558
66.2737
69.8124
69.2863
69.6476
62.9632
61.243
63.5591
61.0447
57.2803
56.6844
56.3636
54.5228
55.5745
53.6983
53.4167
50.3291
48.5535
48.0354
47.5489
48.4544
48.9143
47.4185
46.2733
46.4227
45.094
46.4385
46.0279
45.4818
45.8892
45.9134
45.3417
44.5829
45.4004
45.8003
43.4953
43.8813
42.3827
41.4669
42.2677
40.8529
41.4939
40.4106
41.0535
41.351
40.878
40.5466
40.1648
40.8566
41.71
39.5787
38.9209
39.2644
39.5372
39.5601
39.8976
41.0554
40.7155
41.5838
42.5493
40.4041
40.1597
41.1727
41.3389
41.2421
41.8487
41.7612
42.1634
43.0791
41.4046
41.9199
41.7938
42.9618
43.3571
42.6769
43.8822
43.6471
43.034
42.5517
42.9236
43.4097
43.3357
44.02
44.3054
44.1597
43.5214
43.6294
43.5019
44.1494
43.7845
44.0298
44.8873
45.0615
44.264
44.5
43.9967
44.6182
44.574
45.0507
44.9236
44.3641
45.5219
45.7314
44.5824
44.581
44.4446
44.7151
44.7481
44.3887
44.7956
45.0833
44.5507
44.6858
44.4455
45.8277
45.2868
45.9474
45.7318
45.6336
44.871
44.2253
45.2705
45.2309
45.5549
44.9963
44.5168
45.047
44.9977
45.0819
45.142
46.2635
45.5675
46.8482
46.6029
46.3152
46.4167
46.6061
47.3538
46.4255
45.8222
46.3734
46.4609
46.345
46.2826
46.5791
47.507
46.8501
47.2719
47.3655
47.4404
47.3813
46.6406
47.2249
46.2891
46.5694
46.716
46.4097
45.9809
46.4669
47.156
46.6136
47.9632
46.291
46.1406
45.0014
46.371
46.52
46.4609
46.6075
46.1564
45.7039
46.2277
47.2635
48.1201
47.9553
47.9707
47.8692
47.5261
47.5801
47.5624
47.5442
48.0912
48.4828
47.6946
48.4735
47.3678
49.297
50.2696
50.176
49.844
48.7044
49.2314
50.6355
49.9516
50.1201
49.8147
50.2109
49.7044
49.6178
50.5698
50.4995
50.9465
50.3087
51.1592
51.6178
51.7644
51.3836
52.2779
51.2295
51.6015
51.5112
52.5847
52.0535
52.5703
52.8277
51.6122
52.1276
51.6755
52.7626
52.6034
52.6825
52.7849
53.0331
52.9637
52.3371
52.2551
53.1173
52.6196
52.5237
52.1872
52.3804
53.0442
53.1746
53.8142
53.169
53.8566
53.8352
53.8883
54.1099
54.0168
54.7435
54.6187
55.0037
54.4991
54.7975
54.351
54.7291
54.2332
54.7998
55.298
55.0563
55.5703
54.8506
55.5037
55.0787
55.3887
55.9646
55.0684
55.4795
54.2547
54.3142
53.9283
54.3748
53.9157
55.0014
54.3929
54.0107
53.9632
54.8939
55.2756
55.5596
55.8892
55.7388
55.7118
55.7379
56.2793
56.3361
55.7938
57.0912
59.4027
60.9106
60.1951
62.4791
65.1811
67.6434
66.8831
70.8552
74.2509
73.5978
76.2249
73.2467
73.0014
57.7384
92.5926
100.302
102.712
111.637
104.027
108.975
107.227
105.13
106.407
105.621
104.025
98.3836
103.006
100.905
100.049
99.7104
100.548
95.6252
98.4967
90.8678
99.8389
95.7598
97.0386
93.3664
95.8813
87.0628
91.5126
88.0768
90.8701
88.2942
89.8268
84.8706
91.3473
87.155
92.5033
84.0247
89.7612
86.9115
88.5922
81.7067
86.5275
79.9199
86.2174
80.0433
84.7439
79.1439
83.1578
76.4027
84.7635
81.4223
86.1103
78.6746
83.2421
80.9227
81.0801
79.3338
79.8319
77.5382
78.7416
78.0833
80.9101
80.1778
80.1476
76.2691
81.4372
75.8073
80.3184
74.3766
81.0694
74.8696
77.9367
75.1038
80.0945
74.946
77.5531
75.0791
75.9888
75.243
74.9953
73.5126
73.8063
73.7961
72.2793
70.4823
71.3454
71.311
69.8496
71.0736
72.6899
71.2137
73.6764
70.7528
72.2463
73.0088
71.919
71.777
72.3231
72.2258
71.8748
69.5433
73.865
71.5056
70.1858
71.5866
72.2435
71.8101
72.7197
69.7058
72.7905
70.25
68.0428
70.1536
67.736
67.128
66.9041
68.5675
66.0587
68.2519
69.9642
68.2463
69.2509
69.8496
70.5084
69.1872
71.0116
69.8357
69.6047
69.405
67.9497
67.9777
68.3501
67.6718
68.3957
69.8696
70.9791
68.1471
70.061
69.3091
68.7737
68.264
69.5563
69.9376
69.9744
67.2481
67
67.345
68.4534
67.5321
69.2891
70.7435
69.1583
66.8822
67.5354
67.155
68.6122
68.6327
67.71
65.8929
66.7337
64.2384
66.2151
63.6941
67.2598
65.5424
68.1471
64.5498
63.8492
66.1629
67.9623
65.777
65.3273
64.5889
65.9749
66.2845
65.439
68.0079
68.3948
67.8743
67.8715
66.2919
69.3459
64.986
66.8166
62.7547
68.2626
63.1113
67.588
63.3389
68.1643
62.9055
67.4274
66.6318
70.2328
65.223
68.1471
66.8431
69.2439
68.9399
67.2928
66.3701
68.7877
64.4828
67.9367
64.8966
66.3101
64.2574
63.2952
64.0233
65.6355
63.7854
65.0042
65.223
66.2817
64.6881
64.0507
65.0154
66.3245
65.9022
65.3897
63.4488
65.0899
63.9781
62.385
64.7309
65.513
66.6555
64.2309
64.0019
64.9697
66.2072
65.2914
64.304
66.0917
65.3971
64.3939
63.5168
63.6965
63.6941
64.9558
65.0666
66.5624
66.0214
65.7649
64.1532
66.3818
65.2407
65.9223
62.7193
64.9399
63.2286
63.0568
59.8482
58.0852
59.8319
60.3696
59.2919
58.4344
54.9134
53.2062
53.1257
52.6918
52.3357
50.3706
50.8831
47.7034
50.8208
49.3762
49.1406
46.9404
46.0968
46.1881
47.3627
47.3939
46.6462
46.1327
45.1676
45.3864
43.5493
45.1248
44.9763
42.3906
42.0968
42.0205
43.52
44.6778
46.6676
46.2561
46.6932
46.3962
45.8655
46.5791
45.6983
44.7593
43.3799
44.5368
41.656
43.7034
41.9204
41.9981
40.5102
41.1536
44.094
43.4595
44.1834
44.6187
43.0838
44.2048
44.865
44.9809
43.7579
43.9325
43.8166
43.3594
43.8636
43.3464
43.2775
43.6574
44.2318
44.6662
44.4777
44.7817
44.7882
46.3864
44.2868
44.2207
44.4581
43.1299
44.3659
44.8184
45.6192
47.3385
46.2495
46.0377
45.8818
45.8757
44.8506
45.9493
45.0317
45.6764
45.8194
43.4735
45.0843
44.6927
44.0293
44.3496
44.797
44.6895
46.0973
45.0424
45.655
46.3953
45.709
45.6359
44.9735
44.737
44.7556
44.9423
44.0838
44.0819
44.8087
44.7318
46.1355
46.1695
45.5047
46.4246
46.1555
45.818
46.1783
46.243
44.9567
43.9162
44.4958
46.2728
45.4432
45.5908
45.1806
45.2384
44.5037
43.9818
44.2542
45.0009
44.4213
44.2244
44.5349
44.4544
44.7388
44.71
44.3096
44.6453
45.3021
45.1518
45.5419
44.3003
43.5922
44.1075
43.7784
44.6913
43.4209
43.8543
44.622
44.7323
43.8738
43.2737
44.1732
44.3869
44.3315
44.3296
44.3026
44.6518
45.1378
45.3617
44.6764
44.784
45.4148
44.7155
46.1057
45.7896
46.3105
46.5107
45.6946
46.0945
45.4846
45.4199
45.189
44.9427
46.7905
47.0675
49.1453
48.0666
47.5158
46.9278
47.2412
46.9311
46.6736
47.7845
47.5358
50.2453
49.8324
47.676
48.1341
47.8305
48.0931
49.7398
48.0563
48.4441
48.338
47.9846
48.8836
48.3706
47.9842
47.8929
48.1001
47.9455
48.2253
48.4958
49.1373
49.1425
48.8045
48.7193
48.8459
49.5833
48.6639
48.7602
49.6592
49.7458
49.8375
49.9036
49.7682
50.3678
49.8021
49.6299
51.4362
51.8194
51.5917
51.6615
51.9818
52.757
53.0992
54.4939
55.4493
53.8845
54.3115
53.7691
55.4427
55.5866
54.8454
56.0708
55.8785
57.1001
56.8366
57.993
57.2286
55.6336
55.3506
56.4004
55.7412
56.2011
56.7593
57.1387
55.6555
55.878
56.1592
56.6555
56.8831
56.1592
55.9507
59.3566
58.9721
58.2486
58.027
57.2453
56.8226
56.9395
57.8706
58.3068
57.7058
57.9292
57.9874
57.6001
58.6215
59.3045
58.993
60.7244
59.7556
60.2644
59.9721
59.9483
60.4679
61.0787
60.5796
60.7435
60.899
60.5954
60.4507
59.8403
61.3175
61.824
61.0116
60.9078
61.0698
61.5358
61.3953
61.182
62.8845
61.6648
62.5098
61.7588
63.8482
67.0023
70.4558
70.0978
73.0992
73.4129
75.1588
78.3515
78.6639
81.2314
79.3063
76.7709
59.0177
95.4036
101.471
104.352
104.509
104.676
105.641
111.438
105.327
105.608
100.176
108.973
105.014
103.559
103.727
103.946
104.948
99.8547
99.3752
99.3887
94.9311
96.5903
90.8105
100.048
95.0363
100.679
91.0196
97.7886
90.6113
90.2253
88.2509
88.9991
86.4358
89.0298
84.9278
86.0084
83.2938
86.7453
82.0954
86.3873
83.4427
85.1155
84.7314
86.9898
80.4246
84.0028
81.7128
82.5452
79.588
80.952
80.2267
80.6606
77.9358
83.4427
76.6778
81.6113
76.8208
80.9507
78.5275
80.2062
79.5331
77.2835
76.9874
76.4199
72.7588
76.209
73.4632
76.925
73.7412
78.5354
76.4939
78.4548
75.5698
78.1406
76.2756
79.0754
75.1318
74.8333
73.973
75.1671
73.4348
75.9455
71.9562
76.041
70.8985
71.0694
68.6615
70.0242
70.3547
70.9139
70.4926
71.7239
71.3841
73.2612
70.1574
71.5321
69.1792
69.2658
69.1387
68.9935
69.4711
69.1993
72.4185
69.2789
69.3641
70.0805
70.2058
69.5447
68.2221
71.6727
71.372
72.5209
70.7998
70.9623
70.4926
70.5303
71.3333
69.9683
69.9167
71.2058
71.5256
73.1927
71.1234
69.8836
71.1373
69.0228
68.9818
68.5503
70.5656
68.9642
65.7705
71.2705
69.9874
72.9209
69.1192
71.9288
68.9814
69.6676
65.6937
68.9432
67.4311
67.3389
64.8273
66.013
67.1355
66.6615
65.912
69.2933
67.3259
67.5684
64.7388
66.6695
65.9823
66.9013
66.6904
65.7966
65.3426
66.257
68.2118
67.3706
66.9483
67.2728
67.6038
65.7011
66.7942
67.9246
68.0135
69.1988
66.2942
67.1662
65.5261
67.5973
67.6369
67.7044
67.3627
67.5377
63.6532
64.4046
64.8385
64.1895
64.3203
65.2765
64.2933
65.4939
63.1201
66.1885
65.3361
65.5628
64.9804
66.399
66.2561
63.9437
64.135
64.3031
64.088
64.1969
63.8101
67.6592
68.0135
66.5433
66.2346
64.284
64.601
63.7705
65.9786
64.4804
67.6117
64.1667
64.5563
65.1457
64.2314
64.3953
66.1811
65.5493
64.824
66.2058
63.0521
64.0414
64.6988
63.8329
64.3501
63.9558
64.1885
68.3613
65.8231
69.628
66.0587
68.0447
65.7635
65.9744
64.5978
65.7737
66.0158
65.7938
65.4739
67.2016
63.7351
66.7416
64.9912
66.2719
63.8259
65.8552
64.2998
64.8831
67.7733
68.0088
67.4153
64.3459
64.2332
64.9763
63.7025
63.4888
62.1043
58.7388
56.5549
55.4292
55.8082
55.0796
50.9115
51.7528
52.9544
53.4916
52.5801
50.655
49.9255
51.7072
50.0759
47.8831
47.7211
48.1238
46.8347
47.9828
46.3729
45.7812
44.3943
44.7114
46.473
46.1439
45.5861
44.9856
44.5475
45.5596
44.702
43.3231
44.9111
43.8752
42.29
42.3953
43.0922
42.9856
43.5358
41.7351
41.4292
41.7072
41.2765
42.4628
43.0954
41.865
43.5498
41.4195
40.9693
41.595
40.8529
41.5368
41.5065
40.9949
40.9162
41.7416
41.1397
40.2304
39.8878
41.5475
43.4902
43.3375
42.831
42.3641
43.2579
42.7086
43.7612
43.6494
45.9409
45.9548
46.7803
47.2058
48.6615
46.7775
46.7258
46.4702
46.8864
47.3813
46.4041
46.4884
46.3841
45.9967
45.8939
47.6667
47.6471
46.622
47.2966
46.101
46.4088
45.3971
46.4595
46.3287
46.6029
48.0098
47.8431
47.9092
47.6406
48.0605
47.9628
47.9074
47.1313
47.6047
48.2142
47.5093
47.7686
48.5987
49.1574
47.656
46.8366
47.0912
46.7318
46.3287
46.6885
46.7165
46.6657
46.5885
48.2253
47.1271
47.5433
47.5242
46.6518
46.3063
46.054
45.5591
45.8259
46.1574
45.2267
46.0019
45.4553
46.1331
46.0726
46.1322
46.6718
47.0051
48.0466
47.0061
46.5158
46.4088
47.561
46.9912
48.642
48.3869
48.2128
49.1355
47.7789
47.9302
48.432
48.6434
47.5289
47.6369
47.2989
47.433
48.0899
47.7053
47.6699
48.1834
48.2342
48.0349
49.3873
49.0154
49.0047
49.3487
49.3925
48.027
47.7933
48.7067
48.4739
49.0354
48.2984
48.3729
48.3887
47.8208
47.892
47.6057
47.8291
48.9078
49.1415
49.6681
49.5861
49.534
51.0684
50.1899
50.4642
49.291
49.1015
49.081
48.5666
49.4842
49.2328
50.0959
50.2775
49.6136
49.8482
49.2384
50.5773
50.2267
49.1276
50.3343
50.175
51.9069
50.8561
51.8045
51.5489
51.2668
52.2025
52.4451
52.0838
52.8068
52.9511
53.4292
53.8748
53.088
53.2616
52.6732
51.7588
51.9483
51.9074
51.5331
52.2956
52.338
52.3622
52.0475
51.9148
51.5098
51.6578
52.5903
52.4493
52.9483
52.9553
53.2458
52.8436
52.8091
53.6522
53.0363
52.2914
52.2663
53.3343
53.1173
52.7025
53.6182
54.5102
54.0568
54.8357
54.0652
54.2574
55.1993
52.9162
54.4218
54.2751
55.9264
55.3804
55.2989
55.709
56.5568
56.108
54.6923
55.1117
54.9055
54.4572
54.6006
56.2337
56.7523
57.013
56.5875
57.1881
56.4721
57.4274
56.0112
56.2849
56.5247
56.0517
56.3426
55.7407
55.6764
54.7123
54.9777
58.1034
57.5815
57.2626
58.4125
58.3724
57.9032
57.2696
57.1979
58.6662
58.7514
59.3073
63.1834
57.9232
94.885
99.2253
102.435
106.222
110.736
106.268
108.053
103.132
102.732
99.9902
106.023
102.5
104.136
99.683
102.225
103.488
96.4483
90.1895
99.4008
94.5438
97.3156
93.3119
100.594
94.2817
94.2737
87.4646
92.5349
91.0954
91.0242
88.7938
93.1155
87.7672
88.5628
88.5917
91.838
83.6136
86.9427
86.9455
92.0093
86.5768
88.5014
81.7053
84.6508
82.4511
81.7928
80.2393
81.9488
80.0037
83.7491
77.5377
82.4651
82.9297
82.8357
80.0903
83.3226
81.3124
82.7272
80.1811
82.7756
80.8478
78.5196
78.5722
79.4721
80.1299
81.4632
78.4777
78.2505
79.013
79.8696
79.1285
79.9693
77.4683
76.9516
74.5624
75.3068
75.6373
75.1415
71.7928
75.8841
71.4763
76.5638
75.1792
75.7775
75.0833
75.9064
74.9348
75.4534
72.6913
76.2104
74.8068
75.5759
74.1839
74.8496
75.2421
76.6899
75.3138
74.5973
74.8412
77.4539
72.0414
73.3901
75.6671
74.1695
72.0535
74.5
75.0889
74.0209
74.7658
73.5885
73.7328
73.8357
73.642
72.5857
71.2691
70.297
70.6285
69.6611
70.4376
73.2556
70.764
73.068
70.7114
71.9311
70.777
71.8087
74.4544
72.7007
72.7728
70.5694
70.602
71.2183
71.29
70.9143
70.1192
72.1113
70.5
71.3589
71.7984
72.6504
70.466
69.9139
68.5587
69.1145
69.1336
68.8217
69.6271
68.1802
69.6466
68.8687
70.2491
68.5815
67.7803
68.4795
69.824
66.7831
66.5172
66.7034
68.6862
68.892
66.9753
68.0419
67.6331
68.9702
66.8175
69.0237
68.9879
70.8371
66.5163
68.9385
68.2835
68.2221
68.3166
67.1811
71.7621
67.6797
70.7393
68.2346
73.6848
70.798
70.6085
72.2551
70.7421
70.3394
70.4655
66.1881
70.3142
68.5698
71.129
70.0405
71.3617
66.7779
70.6094
68.3217
68.0247
68.514
69.3115
68.7654
67.9907
68.3049
66.2775
66.5116
67.493
67.4837
69.9995
70.4642
67.8804
65.9339
67.851
68.9576
68.8352
68.0275
68.9544
68.4502
67.4325
67.1606
67.3869
68.4902
67.5326
65.0177
69.013
66.1904
65.7924
64.1872
66.0717
65.3808
66.122
64.3682
65.9111
62.7467
65.8762
64.952
66.6127
65.5931
66.5196
65.1676
65.0722
65.122
65.8897
68.2323
67.9814
67.8925
66.8664
65.7761
66.237
66.0414
65.7775
68.9791
64.9493
67.5168
68.764
66.7398
64.628
62.8394
60.102
62.9665
61.3184
59.6625
56.8464
55.4586
55.5545
55.3026
50.8361
52.3883
49.7081
49.3217
48.1811
46.4358
46.7426
46.2765
45.7318
46.5242
45.6313
46.4148
46.9283
46.3296
47.2114
46.7444
47.2551
47.2933
45.2104
45.52
45.1844
45.7337
45.2053
43.9832
42.4432
43.1695
42.6425
41.7826
43.209
42.2961
43.0335
44.2137
44.6415
44.3887
43.4702
42.2491
42.6103
43.9274
43.6499
43.0321
42.7356
45.3208
44.6615
45.6266
47.3534
48.0391
48.3971
47.9921
49.041
48.0335
47.5964
47.2649
47.4418
47.9651
48.0489
48.9995
47.8422
49.1806
48.8101
47.8682
49.2053
47.8264
49.4306
48.588
48.7193
49.3338
48.784
48.2467
48.7109
49.5531
48.5452
49.5121
49.1853
48.4618
49.8575
49.9088
49.3976
47.507
46.3813
45.3743
46.1159
46.4693
44.8636
45.2533
45.264
45.7076
46.1429
45.3408
45.5992
45.8966
45.4544
45.851
46.4665
46.4949
44.9553
45.048
45.723
45.5708
45.5256
45.2444
45.0186
45.5563
45.1392
45.372
45.5777
46.0447
44.7616
44.351
44.4223
44.4632
43.6541
43.6755
44.8142
46.6266
46.0168
46.1318
46.4176
47.257
46.4362
46.656
45.3827
45.6052
45.9455
46.1969
46.183
46.1504
46.2318
46.4851
46.702
45.9311
45.9674
45.8622
46.0652
45.9753
45.8361
46.8738
46.6858
48.0601
47.1955
46.189
45.9693
45.4064
45.932
45.8655
45.946
46.3473
46.0857
46.169
46.5396
45.5196
45.8305
46.1155
45.2998
46.5223
45.649
46.1006
46.8478
46.635
45.6867
47.1252
46.4902
45.9763
47.3831
46.9795
47.4502
47.2672
47.7882
47.4907
47.3664
48.5247
48.3156
48.6508
48.0205
48.1294
48.8785
49.0037
49.2058
50.0321
49.9763
50.845
50.9227
51.2318
50.8818
50.5642
50.3766
50.1583
50.1169
50.3934
50.5503
49.8198
49.8059
49.7174
49.7975
49.9297
48.6993
50.9548
50.2216
50.7654
50.5102
50.5787
50.6583
50.3333
50.1387
49.6667
50.115
50.0973
50.8147
50.4632
50.906
50.5787
50.7472
50.2621
50.6229
50.5591
51.8133
51.953
51.3543
50.4511
51.7374
52.2151
51.7779
52.1182
52.5866
51.6574
51.1858
52.325
53.3752
52.1276
51.8408
53.6262
52.5731
51.7291
51.8436
52.9665
53.9083
53.6373
53.0931
53.7658
53.8589
52.9269
54.1783
54.6685
54.899
54.9409
54.906
54.7747
54.4311
54.1681
53.777
54.6546
54.3827
53.2966
54.399
55.1806
55.1862
55.3752
55.9688
55.9786
56.4455
56.6485
56.102
57.2533
57.9842
57.8389
57.5885
57.6066
57.1224
58.8017
59.7337
59.8212
59.9893
60.5666
60.507
60.7309
60.5061
60.2537
60.1196
60.608
61.798
62.9846
63.2803
61.9241
61.952
61.8399
61.601
62.4912
62.3748
63.3101
61.7258
63.094
62.7966
62.757
62.986
62.574
62.7891
64.9106
66.2761
67.2966
65.5121
68.3422
65.6322
65.52
65.9586
70.2062
70.0186
74.452
73.3128
75.1038
61.9483
96.5242
100.409
102.676
106.155
107.95
107.898
110.458
104.442
104.263
106.994
103.397
103.207
101.881
104.187
103.003
97.9409
100.237
96.4851
100.836
94.5847
98.0307
97.9637
101.924
96.8934
97.4711
92.1262
94.5768
92.6876
89.0377
91.0102
86.3692
86.7286
84.108
90.3929
85.9376
86.4623
85.2975
87.9316
87.7086
86.7253
86.9316
84.3901
83.1899
80.9958
82.8184
82.8715
83.7062
82.7169
79.8291
80.2626
78.9115
78.3911
81.1085
82.4879
81.5791
79.3524
81.3552
78.9865
80.1681
81.129
78.5517
78.6113
77.9516
79.73
76.5363
74.4609
76.0531
74.2477
77.6383
76.6485
77.1024
78.0023
77.2281
76.3161
73.4246
75.014
74.824
77.4981
76.5712
75.6564
77.176
74.1015
75.0289
71.9749
74.1336
72.3534
75.3729
71.4669
72.5228
73.2854
72.4874
71.4218
73.8729
72.7761
74.0712
71.2942
72.7886
72.9823
71.3841
69.676
70.1508
70.8603
67.6858
68.1811
69.4753
69.594
68.2635
68.8063
70.5242
69.6401
69.352
67.8827
69.2579
69.1816
69.3161
69.2942
68.8399
69.0326
68.7598
69.2998
69.7426
69.7658
69.5764
69.1136
69.0405
69.6988
67.3757
67.169
68.7416
68.3506
70.2882
67.6853
68.8231
66.8492
67.6541
67.1215
70.1601
69.7188
69.4888
68.2211
69.2169
69.6597
67.3957
70.3561
69.3845
71.845
66.1252
70.0847
65.1439
66.6755
63.7449
68.8752
67.5912
68.2467
68.0545
66.473
67.1196
65.6909
65.784
65.6066
65.2067
64.075
64.7919
65.5009
66.2966
66.2505
66.1811
67.202
66.5168
67.3007
66.5857
68.8166
67.4651
67.7924
66.1038
67.1671
67.5154
67.0042
66.1927
66.6294
66.96
68.3752
66.8422
66.9134
66.1178
66.2686
66.3692
67.0331
63.3431
64.4669
64.3669
64.9083
64.9539
66.4018
66.2007
66.4148
66.8864
68.9916
65.8883
67.1206
64.7048
67.2207
66.2244
66.9912
67.3659
66.9292
65.2193
66.2998
65.7384
67.4283
66.7225
67.615
66.4874
68.5051
65.8399
68.4269
65.2323
68.034
65.7761
66.2509
65.5047
65.4832
65.6141
66.9646
67.2784
66.7547
65.5265
65.5209
65.3776
66.3333
64.3347
67.4227
65.2998
66.2612
64.9497
63.987
63.7416
66.9832
65.9949
68.709
67.0377
67.203
64.6462
66.9781
65.7249
67.6094
65.5037
68.2644
64.9074
65.8915
67.081
65.3492
60.9539
60.7737
62.5154
60.9111
57.2817
55.2509
52.5363
55.2155
55.4195
52.905
48.0996
51.716
49.5899
50.8408
49.1783
48.7924
48.6071
47.8538
47.0452
47.0568
46.4232
48.0251
46.8166
46.3347
45.9311
46.6434
45.621
45.3161
44.1588
45.797
44.0731
42.1676
43.7384
44.0079
43.6457
44.5521
44.9642
43.0135
43.5405
42.7356
43.8557
43.8352
43.3264
44.0237
42.5815
42.6508
42.9353
42.8115
42.2272
42.6201
41.7104
40.926
40.9344
41.2495
42.9586
41.8287
42.5736
43.1215
43.2197
43.0954
44.1648
44.6238
43.9334
44.2365
43.8524
43.5577
44.6564
44.5829
43.9814
45.2034
45.351
45.0959
45.2477
44.2733
45.1341
44.73
45.1145
45.3771
44.9544
45.8073
45.5926
46.0568
45.9376
47.0298
46.75
46.8236
46.6601
46.8101
46.2249
46.4362
45.7868
46.1899
46.2421
46.2812
45.6108
45.324
45.4544
45.2044
44.8738
45.3371
44.574
45.6555
46.4129
46.3692
46.1858
47.8459
47.1946
46.9981
46.6592
46.2826
46.6941
46.6955
45.8547
45.9674
45.3873
45.0251
44.6369
45.2444
44.9674
45.6997
46.0047
45.7882
45.9888
45.6895
45.6802
46.3194
46.0191
46.0033
46.237
45.8906
47.2193
45.8394
46.7737
47.7924
45.4423
45.4665
45.9413
46.1732
46.6392
45.6993
45.8985
45.9786
46.7439
46.1434
47.0084
48.1918
47.6634
47.3482
47.0396
47.2314
47.0703
47.5861
47.7216
46.851
47.1988
47.1122
47.3585
47.4344
46.5894
47.5289
47.0689
48.0717
47.5857
48.0843
48.3906
48.7737
49.1671
49.2812
50.1825
49.9814
50.0144
50.041
49.8543
49.7682
50.635
49.8552
49.7919
49.6341
50.6727
51.6997
52.1308
52.8115
52.4395
53.8939
54.7342
51.9395
51.9865
51.757
52.2165
52.3617
52.4167
52.3245
51.7966
52.9665
52.9977
52.9683
53.6918
53.0917
52.3152
52.0126
52.1872
53.1355
53.1783
53.298
53.5601
53.351
52.9586
53.149
53.3999
52.98
52.6695
53.1127
52.6741
53.2132
53.2495
53.5517
54.4795
54.0638
53.5424
54.2197
55.1848
55.7691
55.7002
54.6369
54.8627
54.4358
54.5899
54.6234
54.7626
54.7351
54.6369
55.2872
55.4879
55.0782
54.3543
54.8068
54.9646
56.2635
56.48
57.5656
57.0047
56.9902
57.0172
57.331
58.1499
58.5051
58.4856
57.3068
60.5447
60.8371
60.5061
59.8045
58.621
58.9479
58.5559
59.4628
58.8785
59.2281
59.1099
58.6788
58.7686
59.3603
60.277
62.1527
61.8669
61.8478
62.4264
62.5484
62.0391
62.1923
61.8366
61.5563
61.9865
61.7337
61.5358
61.9409
61.7291
61.3203
60.9814
61.101
60.2384
60.2142
60.2737
60.8529
60.7086
62.4339
62.6965
63.1811
62.8166
62.7616
62.9939
63.2007
62.7542
61.0931
61.0843
61.6453
61.6904
62.0061
61.3645
61.7542
62.3315
62.5121
62.1308
62.1699
61.9423
63.0168
63.933
63.6764
63.6723
64.372
64.5228
65.547
64.8408
64.9893
64.9255
62.4991
63.5121
64.0158
65.7789
65.9944
70.0675
74.101
74.9739
77.9995
81.7291
83.5829
85.2132
