239.666
363.702
349.995
381.724
339.063
376.63
351.715
375.526
355.659
356.508
367.67
377.227
359.878
378.784
360.424
365.944
358.032
367.675
368.302
361.774
355.786
357.051
356.901
358.815
350.939
347.937
352.85
346.828
346.725
341.78
346.967
344.704
337.674
335.428
334.081
335.709
335.589
326.905
327.365
337.611
321.617
320.94
317.546
325.925
316.663
325.713
315.217
319.811
306.489
314.206
301.55
312.117
297.798
309.155
296.612
304.542
292.866
309.197
294.463
299.55
285.311
303.522
288.266
295.657
287.377
297.079
287.285
289.179
281.724
296.619
282.963
286.456
277.67
291.703
278.92
286.164
279.069
287.556
276.837
284.681
276.048
286.424
276.815
279.238
272.269
280.652
271.694
278.473
267.744
280.409
271.016
277.673
263.87
274.073
267.021
274.506
261.562
269.468
261.04
271.162
259.761
269.57
262.377
266.967
259.209
267.809
259.336
260.704
254.787
262.587
252.271
257.039
254.611
258.056
252.394
251.899
249.552
254.166
253.324
249.922
247.048
250.586
248.295
249.227
242.92
250.031
247.452
252.22
243.48
248.966
246.02
248.738
243.342
245.719
246.308
249.03
241.606
246.874
241.161
248.948
241.228
246.519
243.975
247.026
240.435
246.581
239.857
244.664
237.993
241.83
236.304
242.309
236.583
240.992
234.806
243.543
236.631
244.704
237.432
243.976
235.128
241.476
237.767
241.497
235.503
243.63
236.157
240.835
238.198
239.582
236.054
241.587
237.459
237.513
235.43
239.953
235.501
240.6
236.65
237.713
236.842
236.108
236.354
238.287
237.662
237.913
234.547
235.372
237.299
239.518
231.964
234.58
232.904
237.686
234.779
234.165
234.703
238.914
233.882
235.061
234.354
236.228
233.132
235.319
233.76
236.769
232.211
234.976
233.209
233.08
231.631
236.684
232.205
234.943
234.472
231.842
232.668
235.339
232.889
233.473
230.857
233.899
231.846
230.221
230.518
233.466
231.697
230.767
232.39
234.485
230.351
230.264
230.282
233.804
233.375
230.822
229.182
234.334
233.887
231.822
231.057
231.487
228.471
229.277
231.509
232.347
230.237
232.567
231.249
232.574
229.801
221.739
209.426
185.963
192.894
203.166
202.223
186.448
179.352
178.786
180.862
173.711
169.697
167.601
165.014
160.055
154.663
151.803
151.69
149.604
144.335
141.928
140.212
141.389
137.123
135.672
135.192
132.387
131.743
130.74
129.604
130.496
130.29
130.268
133.019
131.134
127.899
129.861
128.426
126.52
130.739
128.493
128.236
129.324
129.091
124.585
123.72
124.54
125.404
126.367
124.172
124.456
123.864
122.599
123.228
125.641
129.674
129.591
129.791
128.268
128.839
126.212
126.867
126.081
127.256
127.805
127.971
127.324
128.49
126.694
127.54
128.215
128.123
126.042
126.922
126.441
128.63
128.508
125.491
122.94
124.928
126.366
126.633
126.07
124.396
123.307
123.051
124.363
124.536
126.804
125.519
124.882
124.297
125.947
126.814
127.228
125.154
123.357
124.061
126.397
125.541
126.313
125.495
126.522
125.236
125.719
126.115
126.143
126.67
124.698
126.324
127.443
125.018
126.747
125.436
125.623
125.328
125.753
125.911
125.704
126.982
126.474
126.246
126.049
125.27
124.54
125.832
124.867
124.377
124.297
123.531
123.665
124.582
124.438
124.643
124.8
125.458
125.274
124.396
124.138
123.672
124.555
122.949
121.938
123.233
122.545
124.024
124.617
122.818
121.459
122.926
120.565
122.155
121.299
122.029
122.102
121.899
121.905
121.88
122.162
121.77
123.169
121.882
121.827
121.621
122.166
121.206
123.862
122.555
124.417
124.374
124.079
125.886
124.474
125.088
124.432
124.857
126.112
125.66
126.034
125.505
126.922
126.516
126.492
126.901
126.273
127.578
128.818
127.301
126.499
126.871
126.147
126.603
127.382
126.535
126.295
126.426
127.125
125.431
126.578
125.524
125.77
126.229
125.004
125.949
125.517
126.757
125.762
126.039
126.356
128.371
125.069
126.073
125.171
124.717
126.12
126.672
127.142
128.928
130.282
129.024
130.881
128.976
128.353
129.003
127.755
128.683
128.146
126.447
126.298
127.786
128.353
128.526
128.235
130.757
130.407
130.348
130.7
130.368
129.943
128.57
128.631
128.537
128.787
128.447
128.468
126.291
127.556
128.062
129.379
127.841
126.491
128.472
128.47
128.281
129.013
129.795
130.104
130.933
130.186
130.533
131.234
133.527
131.262
129.828
130.612
131.064
129.13
131.063
131.227
132.63
132.631
131.521
130.791
131.419
133.084
133.455
132.536
135.473
133.735
133.029
133.222
133.324
132.948
135.631
136.244
134.918
134.357
134.828
135.038
135.093
133.034
135.073
132.936
131.827
132.902
132.123
131.082
134.251
135.674
135.085
133.863
133.603
136.093
134.533
134.152
132.736
134.571
134.905
132.252
131.731
133.089
131.683
131.946
132.171
134.404
132.844
133.324
133.563
134.307
134.49
134.446
136.173
135.891
138.06
138.626
136.625
138.459
137.288
137.409
138.005
138.903
139.718
139.058
139.222
140.703
140.146
140.838
141.473
141.71
139.222
140.809
139.564
140.297
140.576
138.394
138.665
140.775
139.007
141.678
142.942
143.899
143.387
146.66
145.113
142.843
141.298
143.914
142.117
141.88
140.857
137.895
140.677
143.907
140.545
140.398
140.499
140.117
140.978
143.236
143.025
144.344
146.706
146.467
146.581
147.873
147.836
147.505
149.058
149.585
151.816
152.531
153.612
154.832
154.089
153.396
153.162
159.352
163.376
167.8
164.64
167.615
168.137
171.201
171.35
174.491
184.055
182.954
183.987
183.237
238.971
363.911
361.075
348.714
348.033
368.693
337.739
363.439
330.261
374.836
349.643
375.101
343.354
355.98
361.146
367.298
331.739
357.374
362.809
359.248
342.303
343.727
356.329
354.373
348.223
343.047
342.138
347.777
347.795
335.615
336.263
343.3
338.54
332.657
331.284
330.726
325.903
321.111
318.089
321.491
313.774
310.284
308.51
308.294
306.485
302.669
297.173
308.456
294.619
300.995
292.292
301.244
292.299
295.096
289.688
301.111
283.305
290.286
281.828
293.14
281.53
284.608
272.538
284.092
272.166
282.245
269.442
279.818
267.123
277.886
265.623
274.946
264.27
273.161
262.121
271.576
259.852
271.177
258.493
270.255
260.446
265.389
253.979
266.064
255.377
265.231
248.975
265.352
251.522
260.167
247.36
261.657
251.217
257.397
246.792
257.945
245.924
253.874
241.993
257.572
243.186
249.529
244.709
254.1
240.448
246.963
239.853
250.079
240.169
242.351
237.504
247.5
235.456
238.287
234.861
245.008
231.594
238.736
230.772
241.679
231.167
235.771
227.873
238.286
230.54
234.156
226.894
234.046
225.736
230.9
228.413
232.637
227.305
229.078
226.907
229.612
226.764
228.155
226.669
230.937
222.1
225.525
222.459
229.154
221.13
224.957
222.457
229.114
220.607
224.463
222.217
229.629
216.203
223.838
221.684
225.885
217.101
221.195
219.687
226.314
217.146
221.2
217.518
226.115
219.53
218.432
219.553
225.906
216.566
220.071
217.421
220.684
217.453
221.627
213.477
219.433
214.248
218.531
213.168
221.991
212.769
219.728
211.972
222.165
213.201
219.049
211.941
220.58
211.017
218.4
211.651
218.652
211.977
216.554
212.314
218.599
210.277
215.611
211.494
216.971
211.533
218.344
212.002
219.71
208.249
216.336
213.087
217.454
209.769
213.835
213.531
216.193
209.454
212.217
211.806
216.975
209.503
214.681
211.788
215.847
208.454
215.087
210.404
217.72
207.982
213.038
211.019
212.429
208.038
213.612
208.172
212.603
207.291
213.868
208.537
215.013
207.979
214.074
209.122
212.077
208.371
213.086
208.859
210.665
208.038
211.773
207.275
214.129
211.037
213.137
205.478
203.851
194.051
173.078
180.666
191.21
182.789
172.142
163.845
168.349
168.826
164.955
161.842
158.457
154.718
151.487
148.435
145.2
143.743
141.669
141.865
137.928
135.78
133.814
133.518
134.249
134.064
133.018
128.967
128.703
129.978
129.175
130.199
130.019
130.653
130.129
130.408
128.216
127.911
127.637
128.208
128.269
131.955
130.642
130.224
127.592
128.153
127.024
124.14
125.168
127.108
126.076
125.882
128.527
128.369
128.799
126.882
129.178
127.141
125.38
126.679
129.044
126.726
128.489
130.346
129.764
128.626
127.419
127.109
127.114
124.483
124.646
123.492
123.668
127.182
123.099
123.438
121.73
120.559
122.841
123.57
121.921
121.666
121.342
121.446
121.549
123.956
123.244
121.553
122.661
122.799
120.752
123.313
121.022
122.924
125.325
127.45
126.855
127.21
125.709
126.247
124.586
125.067
123.406
121.593
122.005
120.426
119.956
121.001
121.133
118.259
118.778
118.892
119.121
118.283
118.3
120.495
120.94
121.549
119.177
122.93
123.541
121.128
122.043
122.172
121.159
122.034
121.586
120.673
120.156
120.253
121.469
121.231
119.695
120.191
119.7
120.033
119.044
117.969
118.813
119.815
118.918
118.828
117.618
117.628
117.598
118.537
118.249
117.8
117.585
119.612
118.931
117.648
116.968
117.237
116.78
115.591
115.809
115.738
119.04
118.895
118.803
118.188
117.72
119.226
119.736
120.348
121.466
121.969
121.824
119.503
118.931
119.418
119.382
120.203
120.982
121.028
118.349
117.168
119.408
117.495
118.734
116.83
118.057
119.437
118.755
118.447
117.848
116.782
115.772
116.229
116.065
117.468
117.987
117.448
118.882
117.898
120.184
119.198
120.483
120.29
119.175
118.98
118.795
119.575
119.228
119.342
120.164
120.041
119.307
117.876
117.856
119.43
119.682
118.057
116.995
117.672
117.726
115.397
115.334
117.755
117.969
119.453
119.779
119.694
118.383
118.092
117.75
117.572
118.318
118.203
117.184
117.453
118.655
118.901
118.973
119.525
118.458
118.558
118.044
118.561
119.863
120.474
121.693
119.588
118.724
117.589
117.948
118.746
120.708
119.21
121.075
121.365
120.209
119.396
117.673
118.752
119.854
120.46
119.912
118.787
120.162
121.399
121.823
122.868
122.566
125.163
127.77
127.989
123.456
125.289
125.15
123.977
123.656
121.863
120.28
119.363
120.977
118.155
120.321
121.473
123.535
124.111
121.371
121.044
125.465
124.667
123.944
127.009
126.911
127.572
127.808
126.709
129.217
129.09
129.021
130.086
128.978
129.126
128.46
127.899
130.394
133.007
132.552
135.227
141.117
141.009
142.907
144.478
150.769
236.814
384.922
338.716
351.617
344.656
375.019
351.265
369.76
366.576
345.776
346.837
380.122
364.68
371.001
356.343
358.303
357.491
351.564
350.445
358.871
348.23
357.417
350.813
357.22
341.896
356.635
344.07
349.056
336.725
349.296
332.161
340.331
325.2
338.281
323.489
336.618
311.905
335.593
310.303
329.066
302.227
328.173
302.817
318.491
296.52
320.7
292.852
313.086
288.913
310.819
284.945
305.925
278.461
304.433
278.883
296.568
269.243
292.736
271.754
293.482
266.43
285.505
268.075
285.483
260.765
280.726
261.545
275.253
258.898
273.05
257.426
269.635
255.305
266.492
250.952
264.935
248.05
259.456
244.839
262.336
245.536
255.949
242.792
258.083
241.945
252.841
238.056
249.301
238.503
247.592
235.444
245.297
233.438
239.68
230.585
243.168
231.911
238.645
231.524
238.596
229.682
238.455
229.226
237.995
227.823
237.886
225.599
235.667
226.392
235.634
218.721
234.046
223.252
233.022
217.946
232.854
218.279
231.284
217.531
229.609
215.256
229.137
216.05
225.144
210.65
223.595
212.562
225.543
209.524
223.245
209.221
222.953
207.35
221.375
208.668
220.441
206.5
218.07
206.968
217.654
204.677
215.667
207.632
215.343
205.267
213.252
208.232
213.005
205.659
211.626
207.942
212.498
204.722
210.484
206.912
209.915
204.676
211.146
205.64
210.834
202.231
210.744
203.923
209.364
201.258
208.597
201.865
207.19
201.791
205.667
201.149
204.348
200.561
205.98
199.318
204.881
201.021
206.894
200.116
205.628
200.48
203.322
200.87
205.817
197.692
203.922
200.409
202.184
195.316
202.763
199.955
202.098
195.543
200.927
196.675
205.374
196.52
196.352
194.822
200.334
193.505
199.054
193.707
199.094
195.171
199.374
194.976
197.96
192.031
197.64
192.357
197.951
192.394
195.774
192.513
195.447
192.685
195.488
191.082
196.801
188.064
194.019
192.883
194.733
191.315
193.583
191.335
195.121
189.023
192.479
190.823
191.899
186.993
194.205
190.959
194.484
187.379
191.769
190.278
194.547
188.372
191.577
188.593
192.834
190.504
190.401
189.953
196.181
189.025
192.152
188.453
182.001
176.133
162.081
164.069
171.305
167.781
159.128
152.962
155.91
159.112
150.147
149.099
144.073
140.962
138.476
136.518
135.594
132.853
131.365
128.936
128.159
127.695
129.13
127.187
124.872
127.836
125.195
128.001
126.692
127.25
123.372
123.962
127.46
128.31
122.947
123.063
123.876
124.231
124.755
124.559
125.377
127.2
129.163
128.337
128.455
128.86
127.08
128.379
125.9
125.81
126.676
126.491
127.096
127.117
124.655
124.782
126.35
127.871
128.114
125.601
126.827
124.782
125.753
125.73
125.302
125.177
123.748
124.718
122.709
125.229
125.831
124.703
124.766
125.007
125.799
125.787
125.427
125.138
123.731
124.08
122.291
122.226
122.473
122.287
121.835
121.507
120.595
120.235
120.603
118.68
118.926
119.105
120.769
119.48
120.926
121.827
121.219
120.669
120.968
121.383
121.626
121.618
121.578
123.835
123.492
122.299
122.195
122.919
121.402
120.682
119.802
118.223
117.41
117.637
118.244
118.626
119.011
119.29
119.471
118.527
118.85
119.673
119.598
119.728
119.324
120.782
121.085
121.692
120.69
121.407
121.208
120.892
120.636
119.481
121.105
121.023
118.666
119.618
119.408
119.751
119.681
118.526
118.667
118.673
120.343
119.038
118.451
119.043
119.344
120.299
119.875
119.981
119.944
119.618
118.856
119.593
120.401
119.991
120.082
121.835
121.914
119.694
121.535
121.379
120.257
120.741
121.207
121.086
122.194
122.992
121.713
120.522
121.382
121.866
120.895
122.73
124.018
124.555
122.355
120.334
118.483
118.831
118.185
120.619
119.322
119.415
120.082
120.438
120.356
120.573
122.036
120.859
120.534
119.61
117.634
117.79
119.436
119.091
118.459
118.307
119.143
117.344
119.733
119.367
119.372
120.083
119.702
119.835
119.889
119.765
119.689
121.832
121.776
122.27
121.15
121.548
121.367
122.287
118.207
120.449
120.557
120.064
118.577
118.021
117.657
118.077
118.143
119.413
118.584
120.468
121.785
122.362
126.032
121.16
121.392
121.157
121.261
125.325
121.681
120.8
121.427
120.355
121.613
122.16
120.231
123.11
123.091
124.197
122.111
122.988
122.503
123.236
123.008
125.408
125.998
123.52
123.032
122.742
124.672
125.348
124.8
125.362
126.7
126.981
125.432
123.161
124.139
124.262
123.39
126.134
125.643
125.927
128.324
125.462
125.603
126.943
126.626
126.654
123.452
129.586
124.886
129.534
130.956
131.025
132.47
130.616
129.281
128.577
129.363
129.351
128.135
127.876
128.576
133.145
129.582
128.541
128.609
127.488
128.482
131.26
131.344
129.321
132.296
133.54
130.251
128.623
131.351
133.941
133.036
133.238
133.831
137.918
142.443
148.321
146.14
151.278
150.614
152.256
148.669
239.967
375.114
359.212
361.964
344.492
375.593
340.826
364.056
364.023
372.718
344.26
371.119
348.845
363.357
352.45
363.527
345.995
363.958
353.496
343.672
340.731
354.529
349.432
340.091
332.243
338.564
338.016
331.217
329.097
335.154
330.175
317.652
319.928
325.217
319.666
311.754
309.212
316.738
308.13
304.918
296.966
306.742
292.071
297.836
287.031
300.632
287.666
291.088
279.262
293.965
276.833
287.918
270.039
287.977
272.293
279.597
264.103
281.162
267.48
274.024
262.706
277.763
260.55
270.771
260.209
270.001
257.751
264.322
249.299
268.753
252.494
262.348
251.304
263.352
251.184
262.425
249.714
260.37
247.739
259.346
246.68
256.448
245.347
256.997
246.143
253.663
242.223
253.746
246.119
253.906
243.262
250.925
244.104
254.263
240.32
246.756
239.507
247.675
238.579
244.252
240.063
246.724
238.425
245.35
237.643
243.31
234.514
239.051
234.122
245.099
231.886
240.568
235.316
246.3
234.091
241.337
232.781
245.315
231.949
239.235
227.865
243.802
229.812
240.544
228.213
244.136
226.885
240.776
226.189
242.685
224.606
237.63
227.582
240.083
224.763
238.721
228.133
239.888
225.167
238.155
224.239
237.843
225.061
237.008
222.933
238.459
224.769
235.058
223.406
234.374
223.398
233.779
222.204
238.01
223.517
232.218
223.715
234.524
223.665
232.302
225.333
233.323
226.295
229.176
223.788
234.239
221.22
230.195
223.067
233.725
220.706
230.698
221.778
234.678
222.371
230.441
218.197
235.642
223.534
230.981
219.093
232.746
223.993
227.783
219.174
231.59
221.524
227.245
219.738
228.985
221.786
225.283
218.052
230.7
220.463
223.614
217.258
231.109
220.482
224.349
217.88
229.482
219.639
224.687
217.756
228.266
222.129
224.983
217.872
225.365
219.844
223.939
215.01
228.95
219.045
222.915
215.796
229.477
217.934
223.44
215.295
226.778
218.131
222.353
216.541
226.2
215.581
221.119
215.679
225.608
216.734
222.641
214.148
223.207
216.271
221.684
214.988
223.05
218.599
222.957
216.526
221.332
216.688
220.393
215.939
223.851
219.075
222.713
215.275
224.624
217.602
214.45
203.379
181.105
189.811
196.81
193.758
182.136
170.056
171.026
172.171
169.908
162.488
161.422
157.122
154.697
150.732
148.269
146.123
142.794
139.62
138.691
136.699
132.874
135.276
135.623
136.474
134.231
131.73
131.059
129.46
130.102
133.213
129.845
130.608
130.206
128.35
127.873
128.901
127.994
128.071
126.252
127.139
125.898
127.476
126.431
126.161
128.467
128.083
126.536
125.707
123.167
124.253
127.288
124.253
126.562
125.807
126.705
128.136
128.333
129.578
128.03
128.794
127.619
127.739
128.267
127.954
128.061
128.001
127.107
128.795
128.181
127.309
128.803
129.168
127.034
125.312
125.963
125.496
125.595
124.687
125.442
127.015
125.652
124.276
123.003
124.446
123.902
124.002
124.499
125.279
123.111
124.147
122.981
124.274
124.189
122.468
121.621
125.026
125.739
124.939
124.989
124.738
124.081
125.002
124.218
124.695
125.867
124.596
124.843
123.603
122.343
120.601
118.633
118.547
118.762
119.205
119.782
120.269
120.17
119.53
118.404
118.403
118.088
118.603
118.144
118.106
117.101
120.162
120.42
117.197
118.131
117.381
117.574
116.765
116.611
117.883
118.63
117.89
116.814
118.075
118.653
117.862
117.137
117.787
115.926
116.837
115.564
116.102
115.474
115.792
114.683
115.813
114.902
115.397
115.981
117.599
117.698
118.215
117.98
116.849
117.303
115.851
117.512
118.234
117.907
116.781
118.466
117.618
117.47
117.139
117.17
117.119
117.553
117.208
117.752
118.956
119.172
119.75
118.065
117.602
117.431
118.601
118.5
119.117
121.026
119.839
118.799
119.043
118.984
119.175
119.026
117.959
118.37
119.163
119.482
118.434
118.199
118.038
117.607
118.919
118.8
121.33
120.994
120.883
119.477
123.743
120.608
121.611
121.584
120.802
119.945
120.318
121.155
120.645
118.625
120.442
121.082
120.237
121.822
121.157
121.37
123.361
124.939
125.108
122.385
121.485
122.714
121.884
124.699
122.946
121.466
122.584
124.499
125.173
122.93
124.839
126.187
125.469
125.259
125.426
123.02
125.254
124.533
125.015
125.836
123.667
126.854
126.864
125.382
126.009
126.506
126.814
125.121
125.114
122.265
123.592
123.933
125.329
125.35
125.275
125.626
127.09
128.062
128.64
125.735
126.636
127.979
128.256
128.57
128.178
127.907
129.155
127.137
128.438
127.381
129.91
130.207
131.128
130.49
131.43
132.053
134.238
132.854
132.156
133.975
132.946
131.703
131.204
130.609
133.639
129.593
129.019
129.08
129.773
129.73
129.531
130.567
132.384
131.727
129.578
130.386
129.177
130.687
129.197
130.063
132.46
132.082
130.837
131.194
131.93
131.221
131.249
133.274
131.562
132.063
133.982
134.306
133.011
133.447
131.597
135.276
133.99
134.126
134.043
135.622
136.009
136.299
136.625
138.782
137.678
140.54
138.525
140.463
142.805
138.806
140.792
142.202
141.708
142.241
142.502
142.197
143.451
147.451
149.071
151.015
146.081
149.028
148.175
151.453
244.071
368.968
359.044
368.211
339.099
364.363
352.136
371.635
364.477
349.204
365.29
352.721
362.792
359.168
360.005
358.184
356.865
357.05
350.437
344.036
346.595
340.842
329.133
331.845
330.602
328.415
321.319
316.237
319.918
317.628
318.534
314.072
304.378
306.975
304.576
308.232
296.414
301.489
297.681
299.849
289.078
296.509
287.977
292.561
283.349
290.525
280.277
289.166
274.664
285.693
274.595
281.119
269.77
279.267
259.588
277.256
260.267
272.206
256.937
267.924
256.07
268.643
253.101
260.733
250.953
261.947
250.311
257.922
251.576
257.243
246.47
255.71
243.675
257.191
243.767
254.653
240.436
251.516
240.079
251.582
240.825
251.706
237.29
250.84
238.163
246.608
233.953
244.912
233.965
243.857
228.571
241.901
229.001
240.995
228.204
238.207
231.56
239.175
227.832
233.625
225.649
238.473
223.251
232.313
223.457
233.321
220.841
227.994
220.32
229.565
218.698
222.828
218.69
225.517
214.004
221.363
214.976
223.359
212.795
219.625
212.435
216.197
211.07
215.935
212.596
216.653
210.953
215.862
209.865
215.466
207.682
216.231
209.565
212.02
208.194
214.326
205.364
213.377
205.149
214.173
205.18
213.185
202.32
211.989
202.579
213.684
200.278
213.21
202.424
211.577
202.967
210.872
204.453
210.899
202.643
211.362
202.674
209.34
201.85
210.868
200.519
207.533
200.122
208.793
199.134
205.354
200.702
206.712
201.182
206.323
199.922
206.024
199.868
203.74
198.31
204.598
198.229
202.938
198.608
206.504
199.94
202.198
197.369
203.326
199.993
204.22
193.939
203.17
199.944
201.415
195.928
203.603
200.051
203.318
196.067
203.398
198.634
201.447
197.721
202.299
197.909
201.289
195.63
201.909
196.429
199.729
198.067
201.712
196.342
200.533
195.846
199.687
196.66
197.548
195.464
200.206
195.845
197.205
194.058
197.067
195.589
197.382
194.451
198.557
196.658
197.065
194.164
198.144
197.007
195.588
193.646
198.523
195.819
197.204
195.399
197.157
198.842
197.149
196.401
198.075
196.886
197.753
196.91
195.764
196.527
196.52
196.253
196.262
198.07
194.906
196.237
193.949
184.326
166.733
171.357
180.934
175.852
166.172
157.713
158.474
163.433
158.286
152.644
147.449
149.011
146.116
145.304
144.252
143.652
140.435
139.752
137.704
138.3
138.537
135.007
132.043
130.62
131.49
132.446
133.464
132.733
133.317
132.334
134.35
135.335
135.465
134.096
133.222
133.316
130.946
134.57
131.403
130.297
131.113
134.121
131.662
130.144
130.09
128.993
130.402
129.25
132.662
127.95
129.145
131.438
129.392
129.878
128.377
129.575
129.62
130.504
131.719
129.725
128.708
128.323
126.537
127.148
127.129
125.753
130.231
129.013
128.736
129.02
127.935
129.421
130.2
130.92
127.987
128.724
126.95
126.36
126.045
126.964
126.733
127.668
126.187
124.396
125.323
126.443
125.837
125.811
125.813
126.301
127.557
127.124
128.484
127.304
129.097
130.077
130.193
130.312
128.639
129.567
127.37
126.571
126.732
128.676
128.047
127.226
123.93
128.022
128.024
126.85
128.693
127.836
128.377
125.954
128.467
127.713
128.397
127.847
127.683
127.084
126.003
125.146
124.666
124.425
124.017
124.215
125.052
124.913
125.067
123.578
125.613
126.408
125.794
124.177
123.849
124.101
122.752
122.624
121.651
121.996
119.799
120.341
119.864
119.339
118.999
120.779
118.617
120.507
120.151
120.955
121.136
121.336
120.518
120.359
119.327
119.319
118.98
118.125
119.57
118.577
119.932
120.114
120.807
118.738
118.72
118.2
117.789
118.274
117.675
118.037
119.305
120.524
118.556
118.926
119.141
117.661
118.554
117.5
118.321
119.278
119.385
121.206
119.924
120.848
121.702
122.143
120.706
118.007
118.139
118.926
118.777
119.399
119.211
118.428
117.391
117.196
116.818
116.774
118.798
118.373
117.226
117.538
117.545
117.827
116.992
117.256
118.795
119.609
120.753
119.889
120.094
120.668
121.126
119.713
119.501
120.99
123.337
121.889
122.845
121.07
122.812
123.646
124.276
123.974
122.705
122.957
122.29
122.497
123.372
124.139
124.323
126.58
127.083
125.688
126.271
123.877
127.062
126.46
125.053
125.979
121.756
123.359
124.945
123.76
122.192
123.971
125.133
126.664
127.729
129.816
125.661
126.518
124.345
126.279
127.345
125.182
124.862
123.307
125.428
124.379
123.359
124.832
125.661
124.583
124.932
126.49
124.786
124.969
125.333
125.436
126.862
126.712
127.911
125.702
125.627
125.575
125.97
125.548
124.146
124.981
126.986
126.724
125.516
127.685
127.58
129.501
130.128
130.616
131.062
130.995
128.539
129.462
130.01
131.41
133.422
132.984
131.452
135.496
134.072
133.481
134.899
134.385
133.674
132.572
133.905
134.02
133.18
133.458
133.21
134.374
133.783
134.743
132.564
135.261
136.062
133.447
135.806
135.327
135.337
135.924
131.654
134.765
132.91
133.627
132.415
135.033
135.484
137.702
140.762
139.603
138.508
140.4
143.177
142.248
144.157
143.433
144.028
144.615
143.616
147.607
149.765
161.466
166.543
168.627
177.081
174.975
177.067
239.666
364.548
349.599
381.009
340.921
378.82
349.982
371.501
361.257
371.528
373.582
376.372
357.685
379.105
367.53
363.134
355.54
363.282
358.142
365.939
357.461
358.021
348.176
363.392
348.088
348.121
343.679
351.575
346.717
341.748
336.373
344.286
336.605
334.032
329.551
334.964
327.6
323.469
322.714
327.761
315.464
324.822
312.52
313.886
304.506
317.896
305.08
311.804
303.608
314.831
299.576
306.472
295.377
306.487
291.502
305.765
288.224
293.229
288.061
300.347
286.619
294.803
283.481
289.149
277.402
290.145
282.121
283.934
277.413
282.288
277.061
277.988
274.197
280.008
275.581
275.63
269.973
278.811
272.795
273.615
269.783
275.613
268.443
267.749
267.013
275.465
264.847
269.312
259.804
269.735
260.686
266.392
258.328
273.007
260.697
265.877
256.017
267.976
256.59
263.49
258.918
266.281
256.226
262.955
255.74
263.361
255.813
263.802
251.737
261.291
255.168
260.132
253.753
263.075
255.549
258.024
253.723
260.494
252.404
256.845
250.764
258.751
252.137
256.453
253.141
260.606
251.519
256.944
253.056
260.451
251.88
257.32
252.545
256.127
251.489
256.661
248.326
258.141
251.59
257.886
250.284
257.041
246.397
256.155
247.387
254.924
247.798
254.604
249.409
251.047
245.492
252.806
246.937
251.891
242.587
251.511
246.895
250.496
241.668
250.973
246.953
248.416
242.034
249.796
243.145
247.126
241.24
251.987
242.292
247.683
240.459
250.322
239.859
245.218
238.123
243.492
240.173
249.071
240.409
243.294
241.836
245.256
241.312
244.81
239.464
245.85
240.6
242.164
243.376
246.869
239.847
244.074
242.036
249.07
239.002
241.39
241.391
241.536
237.156
242.243
240.989
241.446
233.726
240.766
239.788
237.643
235.761
240.989
238.674
238.709
237.813
240.487
238.692
240.235
236.941
239.123
237.119
237.434
236.156
238.112
237.84
236.991
235.736
239.117
237.28
234.186
236.131
239.32
235.391
234.637
238.913
237.466
236.296
235.81
238.35
237.195
236.833
235.078
238.063
235.058
236.491
233.645
235.423
235.98
237.211
235.616
237.515
235.027
236.591
234.246
235.531
230.123
213.552
193.885
195.438
207.876
204.494
188.022
177.486
180.235
186.025
180.414
173.966
167.101
164.901
161.299
152.961
151.9
150.038
142.381
141.153
142.095
139.218
140.52
136.734
138.149
136.59
136.886
135.155
133.386
131.751
131.776
129.475
128.854
129.149
130.993
129.684
129.542
128.959
129.354
127.778
127.31
126.962
126.708
125.868
127.194
125.591
123.684
122.011
121.662
123.24
122.116
124.238
124.79
123.25
121.296
121.953
121.91
121.516
121.967
122.363
121.78
121.509
120.209
121.868
123.108
123.043
122.406
122.138
123.353
122.77
121.301
121.392
121.487
124.462
123.402
126.392
127.086
125.808
125.616
126.547
126.623
124.343
123.314
124.204
124.908
125.871
125.401
125.827
124.928
124.447
123.029
123.904
121.921
122.029
122.111
123.361
123.652
122.476
122.402
123.59
122.376
121.397
120.86
123.198
123.452
124.668
125.802
123.031
123.648
127.048
124.746
125.265
125.299
123.11
123.377
123.198
122.705
122.22
121.383
120.071
121.075
121.082
121.538
121.761
121.626
121.64
122.011
122.707
122.683
122.801
124.726
124.643
123.944
124.311
121.897
122.356
120.636
121.699
121.167
122.046
124.058
122.208
121.973
122.436
122.333
121.557
122.862
121.453
123.297
122.629
123.56
124.362
123.834
123.682
123.53
123.517
122.949
122.188
121.325
120.908
120.252
121.419
122.5
122.043
121.566
121.726
121.733
123.895
123.635
122.78
123.731
125.104
125.146
125.867
124.639
125.92
126.823
126.217
125.9
123.419
124.43
124.228
125.397
124.651
122.758
122.301
122.715
123.751
123.177
123.719
124.563
124.064
124.222
124.086
124.782
124.235
124.805
124.72
126.133
124.759
124.136
125.312
126.179
125.561
127.454
126.14
124.32
124.55
124.434
124.42
124.748
124.805
123.849
124.112
125.002
124.971
126.522
127.399
125.767
126.58
128.141
124.878
125.882
125.965
124.853
124.56
124.376
124.524
125.602
124.009
124.65
124.019
124.85
124.483
124.774
125.401
126.74
124.617
124.355
126.195
126.721
127.049
127.027
125.975
126.871
126.468
127.278
127.011
125.399
124.078
125.15
125.452
126.3
126.057
128.487
128.307
128.01
128.141
129.034
130.799
130.673
129.669
130.964
128.967
129.164
129.09
128.932
132.059
130.098
129.54
129.676
129.906
130.198
129.775
131.8
131.342
134.591
132.566
132.907
133.303
132.709
134.268
134.112
136.353
136.335
133.741
132.449
131.832
132.086
129.673
130.518
131.394
130.6
130.448
133.954
133.986
131.697
130.271
133.733
132.581
133.169
130.432
130.528
132.273
133.414
133.727
135.478
136.515
137.01
135.873
137.48
134.653
133.859
134.937
135.668
135.307
136.255
136.132
136.656
137.185
137.637
138.525
138.122
136.924
135.416
135.86
135.539
137.345
137.661
140.289
138.383
138.268
139.031
139.026
135.688
136.753
137.291
137.546
136.845
136.772
135.741
134.552
134.664
133.727
135.858
136.596
139.78
140.459
140.617
140.356
140.12
138.566
139.569
139.913
139.462
138.686
141.856
140.504
140.118
139.438
140.864
139.242
139.695
142.374
139.795
140.445
143.915
143.507
147.27
144.302
145.842
146.525
143.659
140.603
144.386
144.009
142.917
144.741
146.852
146.685
145.152
143.465
144.339
145.658
146.606
147.421
148.541
150.482
151.895
150.889
153.295
155.561
158.977
157.565
157.824
162.877
165.632
173.516
175.904
238.971
364.043
360.995
347.788
347.54
369.698
339.079
363.568
330.482
374.468
343.513
374.974
344.903
355.361
358.051
366.552
334.205
352.781
351.904
352.992
345.224
348.096
351.437
343.199
346.256
340.208
336.836
336.199
337.069
325.953
322.431
328.078
321.306
320.685
315.28
321.057
312.077
314.002
303.72
317.465
306.812
304.469
300.166
308.61
298.815
300.233
293.811
302.619
295.482
295.17
288.342
296.789
287.218
292.76
279.219
293.466
283.501
286.87
272.96
291.691
280.619
287.697
271.758
291.043
277.179
281.488
266.177
285.372
272.27
278.603
264.63
280.274
268.551
274.34
263.769
278.086
267.238
269.591
258.594
277.146
263.859
269.971
256.991
273.316
262.827
265.812
255.136
270.34
257.714
259.064
248.179
268.231
258.257
257.113
250.426
263.117
253.563
253.365
248.766
261.039
252.862
251.013
245.828
258.269
250.419
250.421
246.289
254.315
248.947
247.163
243.993
253.793
246.932
244.264
243.392
249.398
243.376
244.778
241.071
246.481
243.469
242.029
242.365
246.025
241.529
243.68
238.034
245.428
238.503
239.895
236.987
244.515
237.497
242.471
235.683
243.594
233.536
238.52
233.938
238.456
234.901
237.081
233.939
238.9
233.662
235.321
232.472
240.849
231.831
236.178
230.646
239.1
231.157
234.447
228.323
237.796
233.231
233.978
227.098
237.972
231.046
232.057
225.746
233.526
229.444
232.003
222.077
233.293
225.561
229.414
223.59
233.827
224.073
227.692
222.109
229.897
223.96
224.812
222.895
228.709
223.667
223.725
221.17
226.092
222.001
223.303
221.191
226.504
221.585
222.354
221.695
224.24
221.347
221.801
220.088
225.192
221.06
222.182
218.405
225.32
220.065
222.378
217.825
225.882
221.48
220.535
216.283
220.509
219.485
220.848
217.9
222.227
217.708
220.28
218.369
224.041
214.81
221.204
218.528
223.289
215.455
219.253
217.392
221.892
216.944
217.355
215.047
222.579
214.728
217.507
214.717
221.037
215.415
216.196
215.137
220.274
216.417
216.837
215.536
220.367
217.155
217.984
215.741
219.479
218.029
215.98
215.909
220.191
218.79
214.807
217.509
212.466
202.203
177.663
185.853
194.934
189.457
178.522
168.184
170.189
169.782
165.656
157.009
152.231
154.346
152.474
145.308
144.865
141.585
138.467
135.747
136.387
134.344
133.892
131.249
135.94
131.734
131.448
130.742
130.003
132.144
130.792
130.249
132.99
135.257
135.658
134.28
133.119
130.61
129.407
130.101
133.323
131.944
128.796
128.551
131.267
129.476
129.233
131.439
130.594
133.154
131.926
129.412
130.232
131.428
128.872
129.406
131.53
131.599
129.702
129.86
128.892
126.417
126.539
128.257
129.728
128.207
128.244
129.047
130.906
128.999
128.609
129.221
129.674
129.149
128.817
126.335
127.364
126.286
126.647
127.762
126.654
127.086
126.466
125.856
125.961
126.13
126.657
126.599
124.287
125.086
123.704
126.554
125.098
123.781
121.113
124.266
123.98
123.971
124.422
122.748
122.52
122.356
123.013
124.091
122.585
122.413
121.632
120.15
121.495
121.166
123.981
122.49
122.062
123.607
124.092
124.871
124.209
124.314
124.314
122.256
124.232
119.303
120.337
121.116
122.234
122.514
122.293
121.271
120.58
123.019
123.26
122.073
122.814
122.483
123.056
123.607
124.291
125.119
124.698
124.722
124.57
123.175
125.301
122.747
122.492
124.258
123.072
124.869
123.522
124.106
124.919
125.535
123.445
123.968
123.226
121.731
122.52
122.198
122.331
122.715
120.886
120.213
120.045
122.529
123.018
121.805
121.95
119.149
122.296
123.997
123.525
123.893
122.635
124.141
122.268
121.651
121.476
122.781
122.248
121.437
121.158
120.787
121.491
121.976
121.51
122.186
121.389
120.639
120.814
120.697
120.343
119.884
119.216
120.396
119.649
120.553
120.065
120.125
120.895
119.486
119.269
119.308
120.593
119.467
119.424
120.206
120.429
119.987
121.039
119.546
118.962
119.061
118.747
117.884
118.023
119.883
121.397
120.009
119.365
120.219
120.726
122.951
122.401
122.722
121.935
123.189
123.621
125.251
124.298
124.184
124.434
124.134
121.714
121.859
122.133
121.041
119.694
120.28
118.37
121.493
121.175
120.171
120.406
121.442
121.416
121.414
120.495
121.273
119.955
120.197
123.29
125.708
126.883
124.485
126.534
125.004
124.111
126.448
125.088
124.843
126.913
126.198
128.713
126.291
127.103
126.691
128.665
127.288
126.136
125.666
128.029
126.975
127.756
126.574
126.206
125.245
127.25
125.994
129.156
128.912
131.945
131.245
133.636
130.624
132.399
129.061
128.449
129.545
132.539
129.821
129.798
131.307
127.917
129.811
130.518
131.407
128.885
133.383
127.975
128.545
132.347
132.702
131.506
129.506
132.776
132.208
129.902
130.69
132.312
130.297
132.762
132.668
132.277
134.679
132.899
135.535
134.358
135.304
137.352
137.263
138.32
140.731
142.132
147.335
150.011
152.064
157.271
158.355
155.543
236.814
385.313
339.941
352.826
343.102
373.874
350.374
368.24
367.517
347.1
342.173
380.516
363.844
367.307
353.761
364.915
356.695
358.36
352.033
358.668
350.908
356.915
349.26
360.665
345.406
352.557
342.092
345.114
338.558
345.831
334.363
344.328
334.779
340.882
332.797
334.248
323.037
331.887
320.78
326.808
316.523
324.174
312.438
315.421
306.46
318.711
307.773
310.12
303.984
313.436
300.126
306.779
298.572
306.765
293.578
303.304
289.506
307.936
286.179
294.07
280.498
297.354
280.442
290.197
276.715
293.2
280.417
285.132
271.693
288.677
272.078
283.98
268.042
284.721
267.664
279.987
263.901
279.71
259.347
272.207
263.567
277.238
255.081
272.089
253.454
269.976
250.299
265.62
249.03
264.834
244.948
263.306
246.326
257.64
245.58
262.567
243.024
259.068
240.333
255.851
239.667
252.86
239.514
249.939
238.776
249.246
235.238
245.321
239.043
245.573
231.529
238.967
234.214
243.266
231.617
238.829
231.774
238.9
230.321
237.784
228.792
236.274
230.4
235.312
228.999
236.439
226.565
235.936
226.015
234.129
226.1
233.242
226.461
232.167
226.249
232.667
226.877
231.578
222.298
231.086
222.053
225.334
222.876
229.151
222.783
226.674
220.551
225.66
219.709
223.762
221.871
225.429
215.628
224.439
216.334
222.369
215.684
219.618
218.322
221.374
216.613
219.375
219.295
222.329
216.006
218.881
215.901
221.384
214.404
218.72
214.302
219.432
214.976
218.364
215.917
220.819
213.885
220.169
215.706
222.135
213.932
220.225
213.307
219.064
210.881
221.665
214.695
215.655
213.034
219.231
212.171
217.686
212.897
216.77
210.989
217.235
211.247
214.959
212.095
217.782
210.894
216.021
210.707
218.486
206.285
214.7
206.106
216.379
208.632
215.734
207.657
215.521
209.483
211.905
204.363
213.975
208.745
213.868
205.456
211.971
208.991
212.011
206.094
214.41
206.393
213.741
205.864
213.239
205.151
210.565
206.013
212.654
204.665
209.938
200.357
209.84
203.841
207.841
202.659
210.684
203.125
206.98
202.38
208.653
201.086
206.872
202.255
208.4
200.361
206.247
201.703
199.47
189.727
169.67
178.21
184.464
181.802
171.567
163.835
164.492
167.84
161.803
157.516
155.204
153.411
150.821
146.35
140.971
140.608
136.889
132.419
132.184
132.679
128.999
129.617
130.015
128.128
127.234
126.392
125.764
129.277
127.473
125.213
124.565
124.194
126.157
126.659
123.736
124.977
125.353
126.573
125.878
124.412
123.398
123.311
124.513
124.604
124.397
122.368
124.656
124.37
123.693
124.779
125.026
123.686
123.267
121.41
122.965
122.016
120.511
122.471
122.768
122.74
121.729
121.675
122.856
123.522
123.065
123.307
125.821
124.524
124.566
121.632
120.455
121.529
122.471
121.34
120.888
121.169
120.876
123.285
124.588
124.522
124.611
123.473
123.001
119.842
120.213
121.715
120.311
119.843
120.812
120.162
121.047
119.653
119.26
118.335
117.797
119.883
119.622
118.878
119.139
120.053
119.183
118.991
119.231
120.42
120.729
120.431
119.236
119.196
117.848
119.209
118.122
117.593
117.247
119.54
120.013
120.032
120.983
120.5
120.577
120.678
120.173
120.428
118.393
116.2
119.243
118.438
120.833
120.027
119.992
119.748
118.896
120.118
117.874
119.102
119.921
118.489
119.579
118.74
120.673
120.269
120.765
121.088
120.416
120.062
119.137
119.825
119.668
119.836
121.097
120.872
119.802
118.832
117.076
117.18
117.729
117.751
117.052
116.464
116.525
114.621
116.99
117.33
116.834
116.557
117.442
118.012
116.268
116.236
116.756
117.348
117.574
117.311
115.599
115.389
116.665
117.279
118.537
118.307
118.671
118.769
119.195
119.838
119.735
118.162
117.912
118.011
116.866
118.384
117.519
116.577
116.846
116.541
116.699
117.422
117.658
117.863
118.864
117.966
115.62
118.007
115.918
117.098
116.994
118.043
117.233
115.848
115.917
114.549
114.325
114.648
115.754
115.362
117.56
119.843
119.321
119.607
118.279
119.039
117.48
116.902
115.889
117.953
120.449
122.631
121.264
120.646
123.885
121.641
119.867
119.884
120.648
120.46
120.464
119.829
120.427
120.215
120.021
120.496
120.532
123.564
123.448
123.226
123.19
121.709
122.619
122.02
121.232
121.353
122.775
120.296
120.21
120.63
122.461
121.395
121.935
121.804
119.701
118.796
119.51
121.447
121.195
120.693
121.168
119.672
121.132
120.154
123.036
123.235
120.612
118.688
117.992
120.038
120.159
120.215
120.208
121.431
122.798
121.228
120.851
122.933
123.501
123.652
122.972
123.26
123.35
125.82
129.366
127.081
129.153
130.432
131.968
133.478
132.383
131.171
131.004
132.69
133.683
136.552
137.306
130.551
127.539
127.44
127.85
126.546
125.724
128.865
127.686
128.741
131.038
131.447
131.545
131.564
132.97
131.752
132.593
131.867
132.838
133.66
135.083
132.724
133.079
131.186
131.524
132.688
136.188
135.308
136.183
139.872
139.249
139.984
140.777
138.43
136.544
137.295
139.321
136.362
135.592
135.401
133.984
136.303
134.756
135.471
136.132
136.168
135.769
133.302
138.321
135.992
135.855
136.432
135.612
138.626
137.956
140.349
139.883
137.482
136.463
140.535
139.544
140.194
138.449
142.008
141.991
140.865
143.651
143.008
150.234
239.967
375.032
358.598
361.745
343.216
374.59
341.648
367.657
366.914
375.213
352.855
375.486
346.135
365.662
357.263
365.283
347.536
363.686
358.487
351.205
344.241
354.217
349.236
343.831
337.365
348.749
336.351
333.621
326.315
332.552
324.279
322.436
317.081
325.555
315.587
314.366
303.715
312.618
301.047
306.832
294.375
300.36
290.071
299.466
284.73
295.285
283.391
294.146
276.336
288.72
277.172
283.042
269.869
287.242
273.365
280.942
267.371
283.726
265.805
275.047
260.037
280.004
259.345
273.722
251.593
274.669
255.139
267.846
247.811
268.963
254.922
263.399
248.072
264.058
250.196
262.018
249.032
258.042
247.463
255.122
246.711
255.785
248.598
256.006
244.171
256.314
246.429
253.86
241.787
253.197
243.45
252.836
240.573
248.486
240.724
247.092
239.083
249.959
240.451
244.327
236.405
245.365
238.368
242.991
236.819
243.022
236.488
241.61
235.469
245.286
236.064
240.935
232.024
243.02
235.317
239.71
227.754
242.072
234.724
239.503
226.726
240.508
228.749
236.957
227.901
240.886
229.225
235.231
226.708
237.566
225.528
235.1
227.787
237.325
225.642
234.138
223.82
237.814
222.511
234.671
222.972
236.499
223.908
231.584
220.816
236.061
224.726
230.765
221.722
232.22
223.997
232.295
222.891
231.603
224.226
229.887
223.271
228.458
226.22
232.539
223.538
228.605
223.538
231.87
219.825
228.204
220.712
225.926
222.792
225.709
219.967
227.907
218.037
227.083
219.871
225.918
218.487
226.511
221.884
224.408
215.929
226.956
219.503
223.345
214.903
223.33
218.666
221.119
215.931
219.663
217.828
220.821
211.47
219.366
215.961
219.723
213.215
220.837
216.18
221.483
213.082
221.721
217.816
220.142
212.733
222.443
216.413
218.876
212.203
220.164
215.747
220.402
211.111
220.176
214.98
222.114
210.762
218.818
216.105
220.974
210.871
217.677
213.624
218.413
210.521
220.937
214.443
218.799
210.106
220.215
214.704
216.622
211.629
216.03
215.399
218.07
211.033
215.607
216.048
216.12
209.999
216.185
212.042
216.93
211.752
216.473
213.516
215.2
211.368
214.326
212.104
209.472
203.396
185.206
188.405
199.368
190.867
180.023
168.566
170.541
174.275
168.566
163.308
154.661
155.664
149.673
147.037
142.222
143.546
141.53
140.609
135.611
134.79
136.024
135.222
133.654
133.067
132.858
131.203
132.522
132.796
132.948
131.068
131.785
130.817
131.214
132.088
132.259
129.579
128.098
128.755
128.979
128.243
127.418
129.216
130.563
129.281
129.089
128.141
128.71
127.934
128.549
130.964
129.55
128.44
130.611
128.874
128.214
127.482
128.003
128.63
130.295
129.321
128.425
129.74
128.418
126.074
126.096
126.828
126.814
127.238
127.26
126.468
125.59
126.819
126.73
125.827
126.886
127.241
125.856
124.951
124.255
124.956
125.317
125.049
123.297
122.746
123.666
124.817
124.191
125.718
127.039
127.205
123.062
124.737
123.877
124.874
125.159
123.236
126.465
125.544
127.166
127.264
124.849
123.486
123.55
122.925
124.108
124.148
123.95
123.652
122.62
121.103
119.955
122.617
123.594
122.598
122.966
120.444
121.14
123.943
124.232
123.423
125.173
127.007
123.778
123.24
122.28
120.808
122.065
119.562
120.76
120.937
120.539
120.801
119.421
120.481
118.886
119.319
120.099
119.725
119.338
120.767
120.297
121.071
120.369
119.571
119.973
122.195
122.221
120.353
118.921
118.317
119.845
121.071
119.404
121.169
119.942
121.167
121.155
122.511
123.355
122.74
122.796
121.007
122.916
123.401
121.506
121.603
119.585
121.762
121.031
120.724
119.757
120.968
120.957
120.059
119.721
119.087
119.347
119.647
119.69
118.345
119.624
118.604
119.179
118.886
119.867
120.006
123.146
121.443
121.242
119.371
120.545
119.989
119.473
118.851
118.528
120.014
119.719
118.645
118.107
119.707
120.094
119.545
119.265
117.799
118.841
118.151
118.872
119.763
117.43
117.426
118.082
117.442
119.186
119.599
119.867
118.642
118.615
117.317
120.535
122.159
119.94
123.417
124.157
122.397
121.304
122.772
121.454
121.935
120.798
120.704
121.492
121.36
123.287
122.525
122.5
124.729
124.777
122.794
123.405
121.178
121.092
119.945
121.313
120.333
120.71
121.388
122.462
121.273
121.594
122.554
121.814
123.861
124.702
124.681
126.447
126.38
126.344
126.479
126.856
125.748
124.357
124.751
122.884
123.862
122.359
122.592
124.679
124.229
124.931
124.658
124.617
123.755
123.368
122.598
124.453
124.481
125.061
128.978
128.88
128.943
128.901
127.307
130.465
129.298
128.485
129.225
128.336
130.848
129.467
130.073
127.537
128.937
129.14
129.308
128.694
132.705
132.698
131.365
133.019
129.1
127.873
126.456
130.039
131.216
133.409
132.997
132.777
134.602
133.849
134.231
137.032
135.961
134.317
133.696
133.233
132.098
133.366
134.826
134.256
136.179
135.061
138.84
135.374
137.926
139.303
138.164
140.322
139.751
139.1
137.83
138.23
139.606
141.229
138.503
138.517
141.002
139.864
139.047
141.235
139.267
138.472
138.384
140.604
139.326
142.676
141.467
141.329
141.21
144.66
145.835
147.796
145.975
146.842
151.755
149.946
148.832
149.474
244.071
368.92
361.274
369.029
338.965
365.535
352.491
371.025
365.239
349.82
366.481
349.412
364.218
368.394
362.962
353.262
356.807
357.294
361.02
350.075
351.192
339.566
338.31
341.383
332.651
330.116
331.783
328.926
328.465
322.118
322.187
318.557
316.648
313.063
312.988
312.796
304.891
305.325
304.77
303.695
297.951
294.12
290.949
293.84
287.029
286.059
282.363
289.092
279.192
281.331
271.45
282.013
268.717
275.475
269.495
273.281
267.541
270.771
263.819
269.766
264.573
268.046
259.373
263.269
259.759
264.526
256.088
261.847
253.772
261.409
253.204
256.045
251.308
257.902
251.76
252.724
249.776
251.381
246.74
248.789
242.137
247.248
241.719
250.819
239.72
245.997
233.658
245.652
235.472
243.102
235.436
246.217
231.5
241.326
229.668
242.567
231.609
241.204
232.149
240.141
229.245
238.042
226.125
237.176
231.269
236.806
223.617
235.891
224.918
232.03
221.549
232.463
223.406
229.924
220.82
232.092
223.392
224.654
219.3
226.196
223.081
225.096
218.872
224.954
218.874
224.112
215.595
224.068
219.054
221.136
214.18
220.677
220.251
222.091
213.413
220.751
218.708
221.038
215.58
219.54
218.997
218.004
214.769
218.456
214.845
215.126
210.107
214.055
212.821
213.677
209.59
214.136
214.431
213.875
208.809
213.68
211.628
214.863
208.493
211.86
210.756
213.121
208.921
209.938
209.028
209.505
205.311
211.582
209.744
211.08
206.408
209.234
206.317
207.134
204.573
206.198
206.396
208.645
206.239
205.01
206.256
209.666
205.276
205.019
203.544
209.758
207.163
206.095
202.98
208.385
206.264
205.709
203.335
209.653
203.886
206.365
203.145
207.546
202.505
206.232
201.3
205.514
201.271
205.309
202.549
205.467
200.976
203.469
202.546
204.509
200.563
205.899
200.702
204.919
199.423
204.36
198.808
205.519
199.795
202.712
198.961
203.231
200.815
202.74
200.991
201.62
199.398
201.8
199.845
200.567
198.633
201.104
197.845
199.239
197.757
202.395
198.183
198.491
198.568
202.199
200.209
201.416
195.838
201.119
199.549
199.927
198.086
200.909
199.151
198.093
193.769
192.468
188.822
174.095
176.349
183.333
182.766
165.926
159.903
161.671
166.099
164.592
158.566
158.542
156.056
152.043
151.504
144.052
141.292
138.455
138.307
136.107
133.309
133.582
129.479
130.178
129.53
130.889
130.642
129.469
129.444
131.443
129.269
130.094
129.586
127.5
128.15
128.7
127.986
127.386
128.475
127.615
129.036
127.673
129.038
128.127
126.296
126.573
127.354
127.408
125.358
125.998
125.527
123.619
123.273
123.906
126.818
125.961
126.073
126.583
126.44
124.731
123.5
123.761
124.066
125.063
124.826
124.76
124.739
127.025
124.907
125.124
125.339
125.974
126.534
126.91
125.545
125.066
125.995
124.159
125.509
125.802
126.522
125.721
129.61
127.583
126.94
127.105
126.451
126.649
128.149
126.712
124.702
124.382
124.446
124.153
123.882
124.667
124.313
124.736
123.535
125.092
123.9
123.275
121.655
124.919
125.234
124.702
122.814
121.469
121.036
120.842
120.965
121.276
121.006
120.048
121.217
120.296
122.525
120.388
120.954
120.489
120.894
121.182
122.301
122.028
121.786
123.265
123.981
123.898
122.835
121.963
122.694
120.981
120.305
121.994
122.172
121.39
121.829
123.429
120.338
121.683
120.555
120.749
119.856
120.702
120.241
117.566
118.01
117.468
116.578
116.676
116.389
117.564
115.618
116.688
117.805
116.666
117.53
115.806
116.93
118.493
115.555
116.643
115.648
115.169
114.263
114.252
114.861
114.991
114.227
113.589
112.27
115.036
113.648
114.97
113.843
113.587
114.676
114.01
113.129
115.384
114.821
115.412
116.943
117.069
116.451
115.917
116.351
117.565
116.396
116.113
117.895
116.927
117.306
117.367
118.749
118.467
120.453
118.716
118.906
118.006
117.16
117.57
117.451
118.953
116.513
118.741
117.317
117.113
117.103
117.077
118.944
119.455
117.523
116.67
117.853
115.674
117.928
117.298
117.417
118.492
118.608
117.048
118.606
117.705
119.564
118.433
120.223
119.244
118.989
119.618
118.527
118.608
119.952
119.137
119.127
119.831
120.125
119.669
120.462
119.705
119.274
119.588
119.262
121.695
118.74
119.209
119.839
119.478
119.701
122.032
122.922
123.058
120.006
119.655
121.028
118.479
119.663
119.728
122.392
119.267
118.548
118.779
117.642
119.528
119.584
119.234
119.25
120.476
122.596
126.687
124.645
122.889
123.85
121.643
123.53
120.332
122.005
123.761
126.161
123.628
126.291
123.922
124.317
123.718
125.589
126.689
126.112
127.507
128.618
129.612
127.683
129.436
127.474
129.25
127.3
126.796
129.304
132.591
132.656
133.572
134.218
133.806
136.316
145.535
152.279
158.271
157.215
157.027
