58.6407
104.852
110.121
113.683
113.555
116.945
115.588
120.042
116.159
110.709
112.105
112.308
112.846
109.922
110.799
107.883
106.141
105.724
106.47
108.136
107.232
108.492
104.783
107.657
104.175
104.704
98.6221
98.7819
99.5396
99.9134
94.3404
98.3785
92.708
95.7093
95.394
99.0456
94.6671
97.7335
101.886
102.844
97.9854
95.3788
93.767
94.5827
92.1061
90.0022
88.92
89.7099
86.8086
90.4282
90.6742
91.9625
89.0009
92.5659
90.135
91.4428
85.3
89.5209
86.2284
87.0648
86.8979
91.5585
87.0897
89.6845
84.6053
89.4065
82.1539
89.8408
85.699
89.8768
82.1958
89.1986
85.5123
87.3717
84.7155
85.8259
85.1716
85.7487
84.1607
84.7949
80.7602
85.5867
78.7173
83.377
78.0872
83.2969
80.9026
80.8563
79.3208
79.6081
78.1253
79.5281
78.0239
82.3065
77.0769
83.1731
78.2122
83.0686
77.6398
82.6841
77.1424
80.4034
75.83
78.8098
77.1604
82.7406
77.1883
80.6022
76.5271
80.291
76.2054
80.2957
76.2014
80.5737
75.7701
76.4645
77.5895
81.7118
76.8259
79.4859
75.0009
80.834
74.3553
77.4012
76.6367
82.1523
76.3447
76.5855
75.7062
78.1542
74.4046
75.7536
75.1136
78.9122
75.2194
75.336
73.8995
78.0853
76.0766
76.8743
78.0453
79.2845
76.9984
75.0348
76.6764
75.8169
75.646
76.0127
75.4018
74.7152
77.3937
74.1558
75.5613
75.5805
76.3556
72.6761
74.6693
72.7589
73.2057
72.0711
71.3615
72.7546
73.6987
72.968
70.44
73.0509
71.7996
74.2122
72.3239
73.6345
71.9516
70.2792
71.7322
71.1694
72.4701
71.2758
71.5265
72.4812
72.2854
73.5966
73.1663
73.2802
73.6652
74.8266
74.09
75.4704
74.7881
74.8166
74.175
75.171
74.9404
75.6444
74.242
75.6001
75.3739
76.3323
75.7294
76.5265
76.1688
76.8073
75.4797
75.7785
75.3804
77.2218
74.6094
74.9314
75.2017
75.2737
72.7049
76.4307
74.8877
73.5225
72.4065
72.8095
73.4431
73.0894
72.7735
72.7397
72.6379
71.189
70.467
71.1812
71.5513
71.9196
68.6264
70.274
67.9594
69.5389
69.5244
69.0627
67.0847
66.7856
68.1648
66.9469
67.6125
70.8762
67.5827
71.0164
68.0214
69.812
67.9693
68.5287
72.0465
69.2203
71.5262
70.9094
71.1849
69.5107
69.6333
71.821
72.6097
70.1579
70.332
66.3382
63.9789
63.9535
65.2113
62.7077
62.5054
59.4347
59.1021
59.2827
59.1036
57.5551
58.121
56.5954
54.7813
54.7204
54.843
55.5563
54.5535
54.1747
55.5749
53.9594
54.7204
54.3953
55.4065
55.8796
53.0844
51.0211
50.2141
50.8089
51.8585
53.0431
53.6022
54.5079
53.2861
54.3518
55.5861
54.5337
54.92
54.1998
52.1067
53.8821
52.0723
51.4316
51.013
50.7673
52.3134
51.3205
52.3841
51.8697
52.6525
52.1827
52.5154
53.0419
53.4142
52.7459
53.3981
54.8008
54.5029
53.3224
54.0496
53.1548
55.0034
55.0962
54.9798
54.6047
53.681
53.448
56.6506
56.4552
56.6298
56.5427
56.1927
56.0624
56.0832
55.2358
54.8253
55.2554
55.3857
54.018
55.233
55.4446
55.8337
56.9035
57.0791
55.1285
55.3441
54.9907
55.6159
56.2405
57.0422
57.1837
57.9671
58.0462
58.1136
57.6115
57.1421
56.731
57.0838
56.2175
56.4213
56.5517
52.7484
54.8545
55.3345
54.0568
54.3
54.1424
55.1564
53.8014
53.991
54.1852
55.1269
54.4006
54.9113
54.8151
54.8467
54.5374
53.9066
54.7856
54.9206
54.4958
55.3788
54.5172
55.0109
54.7425
55.3757
55.9029
56.5029
55.9218
57.2197
58.3975
57.059
56.9137
56.8173
59.1933
59.4964
58.8954
58.2944
57.4753
57.9445
57.5659
58.1421
56.6202
56.951
56.5144
57.2513
57.5976
56.5783
56.1976
56.5033
58.2498
57.4164
57.5917
57.9926
56.6866
57.2156
56.5966
57.2001
57.0146
57.0729
57.5256
56.9426
56.8132
55.5411
56.1948
57.1589
55.9293
55.7533
57.2935
56.0074
56.5737
55.6202
56.5523
56.7738
57.592
58.126
58.233
58.8418
57.9621
58.0403
57.8241
57.7571
57.538
58.5036
58.0537
57.717
57.9203
57.6255
56.6997
56.6106
58.6869
58.3295
57.9836
57.1648
56.8905
56.5026
56.8244
56.5213
56.8976
57.4949
57.4853
57.3227
57.1511
57.1496
57.1108
56.6184
58.0301
58.036
57.7375
57.2938
58.8563
60.2212
60.1105
59.1145
59.1939
59.2187
59.8812
59.7906
59.3348
59.4021
59.8259
60.3714
61.1685
60.0518
59.8176
60.9348
60.1424
60.8582
61.7335
61.6618
61.5414
61.8588
61.8266
61.8989
61.4483
61.4254
61.1927
61.5312
61.7813
61.6432
61.6153
60.8052
60.9882
62.3646
62.7738
62.8449
63.5734
63.0751
62.8334
65.0841
65.3214
65.2141
65.2495
64.2693
64.5222
64.9978
64.5442
64.4902
64.1927
63.7139
63.7406
63.6717
63.2733
63.2842
63.7043
63.8036
63.5253
65.1741
65.2786
66.8352
66.4536
66.2541
65.8331
66.677
66.3183
66.0912
65.4862
65.6841
65.6683
66.0596
66.1675
66.4635
67.3835
67.4713
65.9463
65.9677
65.7794
65.3252
67.1347
68.3829
68.2491
67.4881
66.8815
67.2932
67.6472
67.2609
69.533
69.4682
69.2222
70.3692
72.3549
73.328
71.5954
71.6413
70.9494
70.2358
69.7918
70.2541
69.2532
71.6454
71.5175
73.0984
74.0934
76.0568
77.3522
85.6221
95.0261
62.3221
101.953
108.013
109.188
110.209
114.978
115.636
115.586
110.777
111.929
118.135
112.796
112.919
108.847
112.799
105.32
107.631
106.771
102.996
107.541
108.625
106.282
105.796
107.001
105.95
105.368
99.1564
104.306
100.043
100.425
95.0261
101.127
96.4362
100.165
98.6736
99.43
92.0016
100.473
92.5814
98.7574
94.9904
95.6891
91.5768
92.1939
90.2228
91.2318
89.731
92.6342
92.0354
93.5548
88.5271
93.5321
90.8086
91.4034
91.4365
93.4936
86.2011
92.0437
87.6872
92.5461
88.7865
89.9752
88.367
90.5361
87.641
88.9677
86.5383
86.0738
84.1986
89.4787
85.1927
86.6342
84.3897
90.3149
86.3857
88.5107
85.5306
88.7114
85.3072
86.5154
84.1995
86.0788
81.8809
84.3813
81.072
86.0115
82.1179
83.3357
80.7052
82.6429
80.6993
79.5911
79.1585
80.7543
78.4158
80.2603
76.9733
79.7769
78.0918
82.9122
76.3823
80.1024
77.6987
80.5225
78.4254
80.5684
78.1142
79.9966
78.3661
78.3022
78.7732
81.8675
79.6246
77.6975
76.8523
81.8855
77.4372
80.3087
79.6137
79.9268
78.7636
78.2988
79.031
82.3469
77.4034
79.8219
80.2256
81.1384
78.9234
81.3444
78.2464
80.7332
77.6792
80.2225
78.9659
81.6342
80.6128
79.8824
79.614
80.7546
77.4108
79.9935
77.7512
78.9482
73.7235
76.6854
75.9435
80.157
77.8902
76.7648
76.1998
77.1365
74.5464
78.2588
77.493
79.2721
76.1204
79.8303
76.9777
76.771
76.0614
75.2526
75.8371
75.3221
73.0655
72.2209
71.9895
74.5591
72.7456
72.9851
72.8539
75.8728
73.1734
72.5777
72.242
75.0124
73.7059
74.56
72.933
76.0509
72.6925
75.8933
73.395
79.0205
73.7989
77.2848
74.7372
76.8399
76.6317
74.4452
75.538
76.1769
77.3062
75.0155
72.9485
77.8377
75.5377
78.6181
74.6717
77.1399
75.4213
75.117
73.8743
74.0078
75.4052
75.4189
75.2429
76.0434
74.2488
77.6572
76.6671
80.4542
76.9795
78.6162
76.6112
76.4564
76.233
76.3661
75.7751
75.476
76.0968
75.9106
75.0199
79.2038
75.5507
76.5765
75.0487
79.067
75.9947
78.0974
75.4967
76.8554
74.9342
76.8973
74.7443
78.5703
75.1471
77.8725
76.292
79.4341
76.9041
79.0177
76.2433
80.2963
76.6277
76.3847
73.4362
75.6246
75.2737
75.8083
75.5535
74.3891
73.2519
69.2454
68.2569
68.13
68.8334
65.3832
61.2547
62.7037
61.2836
60.1257
59.2265
59.9882
56.8281
57.9764
56.9327
57.5743
57.2569
55.4688
56.2591
56.0937
56.9147
56.2848
54.8483
55.2777
55.2557
54.3826
53.3804
53.4226
53.946
53.4365
52.9218
53.3667
52.1247
52.3025
52.9733
53.1105
54.1585
52.5929
53.1675
52.5402
52.4037
52.3062
51.9389
50.7577
51.3131
51.5743
51.1679
49.5451
50.8669
50.2172
50.2746
50.3124
49.6993
49.8697
49.7819
48.8889
49.5759
49.3152
49.4964
49.9531
50.4313
49.1185
50.8083
50.9603
49.5932
50.7986
50.8647
50.9991
51.5492
49.2408
50.377
51.3196
50.2712
50.9466
50.6978
51.3574
50.5638
50.3627
50.9581
51.4679
52.4279
54.2401
52.3432
53.1468
51.7456
54.4834
52.7747
52.6596
54.2032
53.5222
52.5355
53.5392
52.6469
52.4074
52.4825
53.1235
53.3798
53.0946
53.0354
53.377
52.9832
53.6019
54.2004
53.942
54.6019
54.9317
54.1846
54.654
54.6249
53.9612
54.5911
54.5666
54.2659
54.6032
53.735
54.1772
54.1312
54.5361
53.6882
54.4608
53.8039
52.8154
52.9389
52.4226
52.9901
53.6373
53.2743
53.6693
53.4716
53.7422
53.2256
53.413
54.1955
54.1083
52.7378
52.8182
52.4006
52.6497
53.0797
53.3233
53.2808
54.5237
53.8256
52.9339
54.3739
54.3866
54.6388
54.3177
55.9128
55.2532
55.6854
56.2541
56.2383
55.4725
55.6103
54.7673
55.485
54.7459
55.2917
55.897
55.1064
55.4226
55.5237
55.076
55.7819
55.8048
56.1499
56.3084
55.7096
55.4524
55.2858
56.762
56.3562
55.3537
56.7583
55.9069
56.0887
56.2426
55.5312
55.6134
56.8905
57.3661
57.0673
56.7726
56.6826
56.9308
57.5513
56.9606
56.8331
58.0577
57.6097
58.3245
58.5799
58.6987
58.5762
59.1697
59.7363
59.3503
59.2761
59.4626
60.1374
60.1523
59.8064
57.6624
58.1852
58.224
58.4325
58.8076
57.5656
57.7729
57.6928
57.803
57.776
58.6665
58.0782
59.2175
59.336
59.0348
58.6835
60.3143
61.256
62.1837
61.1039
61.7263
60.6187
60.6097
61.4074
61.5188
61.6066
61.9988
63.291
63.9141
63.6063
62.0884
62.2063
62.7279
62.8787
62.6534
62.5616
62.3038
63.718
62.745
63.2588
63.1198
63.0062
63.0375
62.659
63.8436
63.91
64.0394
64.2159
63.8359
63.8926
65.4769
64.9702
65.9175
64.0838
63.843
63.2423
62.5591
62.2777
62.5892
62.2097
62.5352
63.4691
63.4421
62.3888
65.1074
63.6637
63.9953
64.9935
64.7769
64.485
64.4381
64.202
64.2706
64.5659
64.6705
65.8793
65.5427
68.2423
68.2051
67.8452
67.4142
68.444
67.9057
68.4192
68.3339
66.8781
69.0292
67.1402
66.2765
66.4471
69.1877
69.3255
70.067
71.5365
70.5107
72.9221
77.9429
87.5718
95.6817
96.5116
100.862
102.46
100.926
103.075
101.819
60.2138
102.23
107.361
112.86
112.975
113.322
116.532
119.078
115.429
112.614
114.265
113.384
115.549
107.869
112.55
105.744
107.382
105.653
100.446
108.08
104.8
108.011
102.402
112.613
106.161
102.813
103.395
104.004
98.5985
94.8362
95.933
95.1539
97.5588
92.5749
97.8145
97.9814
92.1924
97.032
93.2023
98.0562
92.4983
96.3062
95.0558
95.3391
88.179
93.2746
87.1793
90.2755
90.3891
90.4198
88.3149
95.2479
88.4697
87.7806
89.08
91.8306
91.6634
90.7161
87.5805
90.9432
87.91
88.5026
84.7412
88.5616
84.5994
87.0016
84.1496
90.1207
84.6246
86.0323
84.5141
88.8225
84.2876
84.3422
84.6379
86.4176
80.2389
84.0906
80.7031
84.8281
80.2609
82.911
82.7347
84.3196
82.6897
83.2107
82.5594
85.0382
83.8666
83.1958
79.807
83.9051
79.4406
80.9891
80.7741
85.1716
80.5129
80.3422
78.9507
81.7927
78.2315
81.56
80.0506
82.9553
80.7927
81.5684
78.2088
80.946
78.3307
79.9587
78.7813
80.2845
79.4034
79.3307
79.314
78.9013
80.3041
80.6236
80.8728
80.6584
79.6944
78.9808
80.0065
80.2833
79.8309
80.6888
79.0884
81.1533
78.3404
78.7037
76.0537
80.5371
78.4701
80.8138
80.2411
82.3587
79.2274
81.3602
80.6559
81.5048
79.5281
80.3869
79.0627
79.3745
79.654
80.1986
78.8557
81.1074
77.8778
80.256
78.1232
80.8114
76.395
77.5203
75.502
80.6876
78.7298
78.4409
75.5849
78.135
77.2315
79.6655
78.2054
78.0472
77.7394
77.7003
73.7791
75.3646
71.8874
75.5662
73.875
75.1756
73.7198
74.7642
73.1548
74.8244
75.4775
77.1613
75.7875
75.8427
76.2203
76.6596
75.1865
74.5765
76.198
77.6876
76.3512
76.1142
78.0518
74.4958
75.1815
76.7478
77.3875
75.6317
74.91
75.0707
74.9373
72.6568
74.9023
75.5752
77.0202
75.4499
75.8222
73.4769
74.83
72.9457
75.2383
77.5172
74.2715
74.3546
73.763
73.228
72.9289
74.1468
73.3869
76.5306
76.4158
73.8281
74.7958
74.9203
76.2501
75.9175
75.5464
76.2324
75.7673
73.7254
74.9507
72.699
74.0509
76.5811
76.493
76.8855
76.4331
76.4186
75.2417
75.7794
75.7409
77.9953
77.5929
78.4114
75.1809
75.8104
75.3658
77.0763
75.5054
75.7319
74.4862
73.8784
75.8688
72.6345
74.829
73.5765
71.3503
69.5361
67.7484
67.3162
67.3658
66.4186
62.2426
61.6047
61.9122
63.3652
62.35
58.5712
58.1753
56.7403
55.6004
55.3531
55.0397
52.8126
53.8014
53.6038
53.5203
53.8101
54.0304
53.2218
51.7983
51.0279
52.2913
52.6531
51.3121
53.0264
51.3779
50.7564
50.8405
52.2926
51.5517
53.4303
52.1952
51.439
52.4009
50.7757
51.4729
51.1936
50.7267
49.8691
50.3909
52.076
49.9168
52.3894
51.6419
51.6835
51.2538
52.5911
51.5178
50.3711
50.5548
50.2473
49.9203
50.7347
52.511
51.7031
51.7031
53.1089
52.2321
50.865
51.744
52.8588
53.9159
52.7307
52.7546
53.8917
53.745
54.292
55.0791
55.2771
56.5517
55.4443
54.9944
55.3621
55.2132
54.9662
54.9277
54.5352
54.7822
54.8833
54.2768
55.166
53.8387
55.0335
53.7484
52.8709
52.8601
52.2926
52.8427
53.4707
54.4558
56.0881
55.8594
54.8036
54.3047
55.408
55.1635
55.2693
56.0763
55.9975
56.7208
55.6491
55.7325
55.8446
55.9156
56.0428
56.749
56.5858
57.3698
57.2569
55.7813
56.1499
55.3891
55.5743
53.462
54.0071
54.448
54.9209
53.7567
55.4338
55.3667
56.1607
55.8219
55.3568
56.4068
55.7946
55.9293
55.9938
56.2197
56.1052
56.1734
55.3183
54.8641
55.4291
54.3549
55.5166
55.5945
55.4555
55.2358
55.2346
55.3453
55.041
54.762
54.8858
55.3391
54.4272
54.4862
53.9348
54.6696
55.6286
55.3208
55.2451
55.8498
55.7701
55.3711
56.2619
55.3233
57.1005
56.8768
56.6913
55.8567
56.9891
55.8185
56.0863
55.7903
56.0475
56.4002
55.3872
55.2783
55.8517
56.13
54.8352
54.8799
56.022
55.5709
56.9286
56.2991
57.7654
56.9268
57.2132
58.229
57.4158
57.614
58.7478
58.7648
58.8334
59.1514
59.5898
59.5051
60.4034
60.6727
60.7505
60.2944
59.4105
59.2678
59.076
59.9023
59.2184
59.2104
58.95
60.2094
59.9535
59.7139
60.4676
60.5796
60.7357
60.7698
60.7195
60.5638
60.515
60.3428
61.0006
60.7102
61.4688
61.4316
61.5529
61.7735
62.2234
61.9119
61.516
61.3618
63.87
62.7242
62.0819
62.1064
62.2367
62.0478
62.005
61.5873
61.6879
62.4949
62.3531
62.4552
62.0673
62.5607
63.072
61.2935
60.8076
62.4338
62.1741
62.2938
61.112
61.7946
61.1111
61.9395
60.6829
62.2541
61.9966
62.3487
61.5833
61.8343
63.1412
63.0847
61.812
64.9538
64.4825
64.8495
64.0416
65.9078
66.3016
65.1759
64.6419
65.6621
65.2504
65.3342
66.6513
67.1359
67.0481
67.4148
67.2507
69.2029
68.6587
69.283
67.7633
69.3261
68.677
68.287
67.7071
67.5057
67.7198
68.1874
69.3705
68.3174
68.3658
68.5836
70.6935
70.6274
70.8697
70.5932
70.838
71.1393
72.6488
72.3314
73.6146
73.0431
76.4946
76.6286
78.4822
77.561
76.6534
76.3
75.0689
74.6944
74.6689
75.341
74.9559
75.2473
75.0732
75.1353
75.0813
75.2206
74.8225
75.3425
74.9904
74.83
77.3857
77.3304
77.0912
79.2454
80.5008
79.8911
80.3307
79.072
81.2153
82.108
80.6696
83.8039
86.3767
88.5988
89.7223
92.049
94.3149
93.1604
96.6655
62.8027
102.769
107.538
110.267
113.142
114.969
114.497
114.885
118.656
115.657
115.827
111.408
116.585
112.707
111.885
109.304
106.993
107.739
101.031
107.765
107.328
111.643
106.469
111.601
107.192
106.027
100.4
101.518
99.7664
101.892
94.8321
96.7443
99.4896
102.425
94.9792
100.341
95.1648
95.6404
96.735
96.9646
93.0115
96.4496
90.1471
94.0137
90.1306
93.2513
93.6423
92.2253
90.8604
91.292
91.9001
94.4161
91.7999
91.9116
88.9845
93.4006
88.7111
91.5554
88.5681
90.9463
84.3503
88.9221
83.9665
87.4099
86.404
84.5662
84.9262
84.1325
86.2116
84.3044
85.2191
84.6128
82.6398
83.8923
82.4474
84.0375
83.2594
82.9007
83.7819
85.5048
83.4226
86.5219
86.7003
82.7558
85.8253
82.6032
85.0922
84.3382
86.4415
84.3571
83.0366
85.224
82.8753
80.6202
83.1852
82.9553
82.8501
81.3764
80.9569
80.9221
83.1871
81.2522
82.1849
81.8914
83.6677
81.5917
79.0183
79.5036
79.4766
80.6689
77.6804
77.1886
76.0254
76.9203
76.5709
78.072
78.0763
79.0617
77.7375
77.0326
76.3096
76.2923
76.1074
76.2879
76.108
77.0211
76.6832
82.1772
76.5796
84.2029
77.3357
80.3878
78.0748
77.3965
77.2429
77.5756
77.9445
76.4729
78.0934
75.8328
74.0583
75.7872
76.8688
76.8312
74.3354
76.2222
71.4502
73.1573
72.404
75.5197
72.8064
74.9581
75.337
74.4834
74.8765
77.3106
74.1675
77.5383
79.1508
75.8194
78.6119
74.5666
75.3472
78.2563
77.7983
77.5271
77.6184
76.5929
74.1852
74.6506
73.8604
76.1598
74.534
75.3531
73.0397
74.8005
72.9547
71.9221
75.4815
75.1111
72.6646
72.3065
71.9448
73.9162
73.2948
75.9922
73.7235
76.9473
73.7611
75.9044
73.8439
74.8998
74.8309
74.175
77.0258
74.9032
72.9355
72.2423
73.0214
74.7282
74.2048
74.2647
74.9187
73.6928
71.9026
74.9293
74.2656
73.8262
74.7797
74.8024
74.7465
73.57
74.7872
75.9119
73.2845
75.3146
72.0202
75.1322
73.6938
74.9789
73.5504
74.5132
73.0977
72.3249
70.7878
71.4477
72.0577
69.4639
72.8678
70.5482
72.74
69.5175
70.5842
70.8396
71.0751
70.9566
73.6584
72.7468
74.4055
72.1874
73.722
74.7862
75.3245
75.6575
73.6956
73.9587
75.3916
73.9401
75.3909
74.2274
72.5327
75.0757
69.8204
64.6488
66.0866
68.7518
65.5777
63.717
59.7763
61.1948
61.7186
60.0946
62.2637
62.0437
57.9898
57.5492
56.1325
55.4015
56.6674
54.7524
55.377
56.1232
55.2274
55.8182
55.125
54.0478
51.52
52.1406
52.4213
50.5036
49.4518
50.0413
49.1477
49.0763
48.5417
48.7459
47.8647
50.3497
51.0732
51.6519
51.6264
50.6841
49.7046
48.61
50.7512
51.2231
51.0059
52.2054
52.1589
52.7217
53.2836
52.1908
52.3664
51.403
52.1489
52.4145
52.184
52.004
51.2625
50.9643
51.659
52.0406
52.0583
51.4874
52.1055
51.8933
52.4961
53.6683
53.2144
53.9556
53.0357
53.7822
53.7825
55.2035
54.4967
54.7062
55.292
54.3723
55.7018
55.3891
55.2749
53.4899
53.1182
53.1685
53.8539
54.4471
55.7291
55.6786
54.4384
54.9851
54.7068
54.1837
54.0096
53.7747
54.6466
53.0059
53.3553
54.2997
54.0251
53.8976
53.417
52.8663
53.507
52.8256
52.413
52.9898
52.8325
53.4058
52.4949
53.1905
51.8926
52.3515
52.1865
51.7155
52.3962
52.2482
51.4781
51.5166
51.6146
52.7918
53.6401
53.7111
55.0475
53.8052
54.2374
53.9761
55.072
55.2132
54.1291
54.8666
55.1585
56.4344
55.2702
55.1164
55.6063
54.5442
54.3323
55.6395
55.1381
54.9525
55.2718
55.3084
55.0931
55.049
55.1672
55.8421
55.7803
56.7567
55.6261
56.0171
55.376
56.5203
56.0031
55.6342
55.588
56.2097
56.5188
57.6509
59.0391
58.4058
59.0354
58.5963
58.3869
58.4474
59.0254
57.4155
57.9122
57.6094
58.3562
58.8703
57.3872
57.6246
57.65
58.6969
57.879
58.1334
56.8362
56.7794
57.1542
57.5175
58.4719
59.7878
59.1387
59.2647
60.0785
58.4536
58.9066
59.26
58.6475
59.5551
59.8126
58.9581
62.0301
60.3711
59.4241
59.197
58.3754
58.0068
57.973
58.1675
58.789
58.3872
57.8433
57.8663
58.5197
57.9839
58.1924
58.583
58.0788
58.0943
57.551
57.7431
57.1896
58.1939
57.9984
58.7862
58.8266
58.7698
58.8846
59.8824
59.5659
59.3463
58.9941
59.1129
60.7834
61.1132
60.4105
60.2287
61.1393
62.5303
62.7552
61.9442
62.0214
60.9566
60.444
60.5839
60.6699
60.4002
61.2253
60.2706
61.3733
61.6233
61.3652
61.431
60.955
62.8008
63.5386
62.3562
63.4682
64.8914
64.5957
64.8151
64.9618
65.2656
64.8657
64.7242
65.2501
65.5113
67.0102
65.8926
65.4716
65.4732
64.4567
64.1976
63.8917
63.9811
64.4682
64.0524
65.0251
65.1641
65.4924
65.3537
66.3391
66.4437
65.1092
65.2792
66.8014
67.3177
67.4961
66.9262
67.2063
67.4201
67.18
67.3332
66.7667
66.5647
66.9761
67.7257
66.754
66.4462
67.8452
68.1706
68.1728
69.0751
69.7893
69.5029
70.5371
70.2554
69.17
68.5008
70.4151
68.9417
69.0599
68.9559
69.1356
69.5259
71.5324
71.4735
70.4936
70.5613
70.5616
69.78
69.3795
69.3596
69.3584
69.6357
69.6637
69.6122
69.4778
69.5572
69.529
68.4272
70.5188
70.5386
70.8362
70.5185
70.1229
73.6078
73.6935
73.3733
72.8551
73.9168
75.9528
75.9255
78.65
76.7003
76.9702
76.4769
77.6187
77.5998
77.2752
76.7198
80.0881
78.2076
77.6938
79.5225
78.601
81.0348
83.2377
91.287
61.8185
102.624
106.585
109.137
113.565
115.799
116.984
119.112
110.991
113.417
114.279
115.15
112.069
110.447
114.167
111.188
106.444
108.032
106.977
108.395
105.878
106.161
105.238
110.746
104.332
107.139
103.788
102.998
100.096
100.19
99.8812
99.9147
98.6553
101.261
93.9566
101.616
97.1207
102.482
99.39
98.2361
97.2839
99.6972
94.8529
98.2246
93.1064
95.9783
91.6783
92.8864
93.3953
96.5985
90.82
95.5849
93.3695
93.3577
90.0369
97.7955
88.8501
90.7
87.9454
95.1539
87.6565
93.0351
83.2948
95.3919
89.4787
94.5361
90.9122
94.9156
86.0763
95.1837
83.3149
90.7716
86.4952
90.1896
82.6677
89.5787
82.2426
86.3975
84.5278
86.3987
84.2569
85.0251
84.7654
87.2417
82.7803
86.4099
82.4573
82.9839
81.583
83.7192
81.7422
84.0248
79.0003
83.6913
82.2721
85.7965
78.6717
83.9876
78.3289
83.4983
78.8334
80.7478
78.8933
82.7012
78.7664
80.9237
80.628
82.2417
81.2733
84.4207
79.7363
84.8653
76.8114
86.2535
78.3193
82.2696
76.9718
81.3357
77.4403
81.7577
78.3999
82.9566
75.8626
81.1167
75.9097
81.4428
72.5361
81.8802
76.4145
82.054
74.7754
79.1672
75.4142
81.3186
76.2842
79.162
74.1908
79.256
76.1334
78.3773
74.135
79.1235
72.1136
77.229
73.4828
75.7173
72.1253
76.8973
76.3003
76.4828
74.2172
77.6872
74.1725
78.1365
76.4254
78.9603
75.6758
79.1458
75.166
75.7419
74.0434
76.0282
75.7723
74.6478
74.3906
75.6913
73.085
76.6255
72.1772
78.655
72.1713
75.8728
71.3646
75.0357
71.9631
73.2659
73.6773
74.4179
75.3819
74.8449
72.4279
75.4266
72.9283
75.5535
73.9687
76.8219
71.7868
75.3916
71.9907
74.6885
72.9854
74.4766
73.6925
76.3072
73.6944
73.6463
72.7884
75.5647
73.8548
75.5793
72.5417
77.7502
72.4601
74.9156
72.2023
73.1958
74.2749
74.6205
75.7608
73.9072
75.8349
75.1738
74.668
76.7524
73.5743
76.8101
75.1849
76.646
72.3987
74.588
73.332
75.5237
74.1815
74.1257
72.6392
75.9767
72.0236
71.8889
71.7772
75.5216
71.098
73.3478
72.9302
73.1945
70.8799
71.337
70.7803
70.3245
73.6928
72.5085
71.8638
73.3242
72.6001
73.3112
70.624
73.7183
72.7518
72.2858
71.4899
71.9063
71.7698
70.0326
70.857
65.5818
65.5445
66.7611
65.4378
64.0028
62.6038
62.0205
63.9885
59.695
59.9147
58.2752
57.82
58.0735
57.2585
57.1806
56.2848
54.7502
55.8383
54.5939
53.1105
54.6218
53.7499
53.7692
53.6035
53.7353
51.6447
53.4127
50.0791
50.5861
51.3202
51.0236
52.6115
52.6032
52.7791
51.2737
51.7639
52.7102
50.7121
50.9001
51.2761
49.579
51.385
50.9544
50.865
51.538
51.2135
50.9733
50.6835
50.2249
51.6066
51.3028
52.2768
52.3689
51.637
50.3621
51.0922
51.1461
50.4738
52.4378
52.7577
52.8321
54.8532
53.1694
52.6317
52.7031
52.7692
52.6944
52.9597
53.4344
53.8176
53.6348
55.005
53.7915
53.3782
54.5805
53.5017
54.2411
53.3497
52.8554
53.2308
53.1747
53.1027
52.9805
53.9457
53.5166
54.1756
53.7896
54.0195
54.5687
55.5659
54.9451
56.1914
57.5805
56.4961
55.9563
56.6944
56.7605
55.2771
54.6966
54.7428
54.6298
53.9466
53.7481
54.2144
54.6491
55.1613
55.3702
54.2215
55.0605
55.1129
55.4086
55.5303
55.511
55.4347
55.1859
54.9178
55.0363
55.0093
55.4918
54.4381
55.1945
54.516
55.2948
54.3785
54.0555
55.3031
53.4207
53.3394
54.3962
54.6407
53.5569
53.5811
54.9128
54.7993
53.2932
54.8852
54.7484
54.8647
55.3587
55.5998
54.7834
56.2253
57.1527
56.6559
56.4213
56.2671
56.1617
56.3587
56.7211
57.2675
57.4939
56.5877
57.6792
58.1809
57.8703
57.4589
56.749
56.6131
57
57.3019
56.9932
55.8197
56.6094
56.5281
56.524
56.8936
56.7602
56.8582
56.2535
57.189
58.8756
58.7083
58.8331
58.9032
59.5541
59.0999
59.2926
59.1579
59.229
59.1964
60.5734
60.5433
59.1713
59.4967
59.7515
59.4549
59.4567
59.1253
59.8281
60.2867
59.8219
60.0922
59.8033
59.5513
59.9029
58.7034
59.7996
59.094
59.6708
59.7536
59.6975
60.0766
59.8756
60.1548
59.9966
59.2982
59.4881
60.3003
59.9711
59.6361
57.9594
57.9367
60.3835
60.0335
59.9854
60.5107
60.3937
59.9953
59.7608
59.7536
60.1527
60.1952
60.004
60.2144
59.4372
61.7177
59.3816
59.3357
59.4344
58.6308
58.3357
58.4701
59.1269
60.8383
60.6826
60.1241
60.717
60.6565
59.8334
60.7962
60.6174
60.2048
60.152
60.2066
60.7862
60.4133
60.4449
59.9072
60.1834
61.2923
62.0025
60.9944
61.3264
61.386
61.1679
61.946
61.2212
61.4933
61.529
63.6872
64.771
64.8495
63.4884
62.1536
62.2671
62.108
62.8486
62.3633
62.6084
64.0707
62.8194
63.3624
63.112
62.8399
62.8855
62.2408
63.7152
64.0385
62.7679
63.6106
64.2001
64.1921
64.3745
64.0143
64.6177
64.0282
64.65
65.1275
65.1679
64.2929
66.0524
65.4021
66.0583
65.1955
65.7201
66.9594
67.4334
68.6872
68.6317
68.556
67.8998
68.6205
68.5849
68.2709
69.5852
70.198
70.3897
71.2113
73.3639
70.8715
70.2901
70.7943
70.449
70.6658
70.7996
70.4781
69.6311
69.1803
69.7971
69.7785
70.3574
71.3028
72.7918
72.5712
72.735
72.4912
73.7502
73.7369
74.9082
74.579
75.525
76.4797
76.7074
76.5154
75.8771
77.0679
77.9429
76.9283
79.7422
78.9342
76.9429
77.0571
77.1179
77.3677
75.5029
77.1288
77.0543
75.1018
75.8387
77.1347
77.0456
78.3252
78.8303
76.6379
78.8945
80.0444
79.0366
79.0521
77.9774
77.3019
78.9513
79.0149
80.3301
81.1368
83.1039
84.4725
91.7772
58.6407
104.738
110.065
113.472
113.741
117.702
117.225
120.06
116.67
111.468
114.348
114.336
118.213
111.965
112.894
107.564
106.681
107.467
107.041
107.352
108.045
105.477
106.748
108.648
103.859
105.669
98.6652
100.87
95.7388
99.0397
99.3236
99.5597
94.0869
97.8318
98.7146
99.6044
99.3149
99.1018
98.7552
98.6832
97.2436
96.2836
97.2339
94.1688
93.6826
93.4338
92.8238
90.9618
90.1325
91.9215
92.0335
91.8681
88.2156
92.8542
88.8985
94.0186
85.875
90.9947
86.431
92.8225
90.0068
90.6165
86.4657
89.1806
82.515
87.1762
86.0887
87.1433
78.4977
87.5222
85.1086
90.5349
83.5017
89.8756
85.8253
88.556
83.4167
87.0735
80.9981
87.0335
81.031
85.4521
79.0363
83.5566
81.6509
80.6835
80.3177
81.6146
75.821
79.7685
76.435
81.8985
76.211
83.5532
78.2693
84.5957
77.8014
83.4344
77.8473
80.1427
79.3568
81.2606
76.0745
85.1893
76.4189
84.9398
79.9327
83.3658
75.9134
82.3028
76.7813
80.1052
76.5948
78.3432
74.1983
76.1899
74.2811
80.9671
74.4213
79.4629
73.7533
81.4086
73.3221
81.2718
74.8492
79.4359
76.4787
81.9891
76.0707
83.4325
81.4384
84.3773
78.8455
80.1272
78.6261
82.2979
79.0987
79.7999
77.9345
76.2467
75.3183
74.2032
76.2222
74.3276
73.121
74.0766
74.0363
73.0053
71.578
72.7716
73.9001
75.1396
73.0335
76.5402
73.2913
75.9485
74.0518
75.5706
72.3515
74.1983
74.7921
73.43
73.5824
76.74
74.2401
77.5026
74.6392
78.0239
74.2119
77.8256
73.476
73.9035
73.9882
74.4356
73.8117
73.6047
72.0776
73.5678
72.8315
75.2929
73.4722
73.4871
71.5138
72.466
73.0999
72.5538
73.458
77.1585
73.5827
75.2138
73.3795
76.1961
73.3487
76.3596
74.0158
76.8095
73.7468
76.8582
74.9209
78.1691
75.1728
74.4065
73.7809
75.9231
76.3453
76.9212
76.3134
74.7509
74.5793
73.3934
74.4977
74.848
74.7561
74.8492
75.0825
74.8334
73.9662
76.3121
74.6593
74.6674
73.072
74.4939
73.2222
72.901
72.2361
74.5216
75.1409
75.0863
73.7564
75.0953
76.8576
76.7735
73.7484
75.5585
72.5796
73.6019
71.6305
73.0068
73.6975
72.1266
67.0444
72.6441
71.5821
76.4409
73.233
75.498
75.9479
74.5548
72.8427
73.6146
76.0385
72.0828
72.0937
64.2588
66.2926
68.5889
66.3484
63.977
61.5998
61.2284
60.3199
58.866
57.2591
55.0667
58.5951
59.4691
57.4393
57.8387
56.336
55.0183
56.0503
54.6066
55.0068
56.7065
56.5982
55.8644
54.6438
55.6215
52.4952
54.8765
54.7661
57.0949
56.8895
57.2765
56.1883
55.1207
55.1917
54.3044
54.7167
53.6764
54.9801
52.8067
54.2169
54.1672
52.7189
53.4455
53.1675
52.7034
51.4502
52.7034
52.4114
51.9898
51.0745
50.2535
52.031
52.0183
51.3422
50.9057
50.6516
50.1644
50.9767
51.8467
52.2197
50.9265
51.8979
51.7167
53.2578
53.7754
52.8709
54.2042
53.4803
54.9386
54.0289
54.8948
54.9789
53.6081
54.265
54.8573
55.2346
54.9727
54.485
55.0524
56.2094
57.0062
56.1769
55.6274
56.121
56.6351
54.9544
54.8908
54.5631
55.1415
54.2569
56.4182
56.7152
55.5405
55.6584
56.4465
56.403
56.2315
55.0971
55.8309
55.7661
56.95
57.4018
57.0614
57.3075
55.3525
55.2671
55.5424
55.7428
54.9364
54.3956
55.1452
54.9826
56.1173
54.2631
55.0316
54.5501
53.0078
53.3649
52.4092
52.8821
53.4862
53.3131
53.1697
53.8576
54.4043
53.6143
53.6857
54.2107
53.9345
53.7654
53.3252
53.6466
54.4384
54.0059
54.4384
53.5616
54.328
53.9345
54.0137
54.3885
54.8743
55.4232
54.2594
54.1803
54.1942
53.9904
53.552
54.5352
53.6671
53.9631
54.05
55.5138
55.7443
55.3487
55.5715
56.0487
55.7536
56.327
55.8331
55.8396
55.996
54.9367
55.063
55.7108
55.1207
55.1837
55.5535
55.0679
55.8346
55.9445
56.8635
55.9724
56.6491
56.596
56.1905
56.3304
55.7496
55.8145
56.4983
56.6438
57.1697
57.1694
55.9376
56.2296
57.6097
57.4204
56.8818
57.3273
57.7443
59.7688
60.023
59.6696
59.2702
59.4145
58.8464
58.811
58.5346
57.673
58.4853
58.9336
58.2135
58.2299
59.7788
59.7788
59.4604
59.7583
60.5079
60.0558
60.4189
60.4701
60.5845
60.0475
62.2045
62.1762
63.098
63.4251
62.2057
62.3705
62.3571
65.0366
64.8576
64.5656
65.0633
64.5135
63.6274
63.8551
63.9206
63.6373
64.1337
64.1241
62.3913
62.022
62.3326
61.7518
61.6097
61.6751
62.5932
62.3019
61.9466
62.0413
61.6891
61.4189
63.2228
63.6388
63.2265
62.4502
61.9569
62.363
62.3069
62.3065
64.4061
65.8591
65.5036
65.5402
65.6419
65.2836
64.3689
65.2361
64.9764
65.2777
63.9485
64.3335
64.1945
64.2771
63.7971
63.9882
64.5374
65.3416
65.0431
65.7167
66.1483
65.2485
64.902
64.8706
65.0093
64.8024
63.7248
63.9314
63.2585
63.4837
63.6705
63.713
64.1992
64.4859
64.2907
64.3404
64.4688
64.4276
64.3438
64.3031
64.2588
64.709
66.2675
67.076
68.0679
69.0639
69.0496
68.7915
68.5442
67.2696
67.144
66.9575
66.5898
67.2265
66.2923
68.1508
68.372
69.3605
69.803
68.812
69.6593
68.5312
69.4998
71.2622
71.3143
72.3593
73.5172
75.1806
74.9652
73.7924
73.0928
74.2522
83.9013
88.1018
93.2886
97.2454
99.9181
62.3221
102.062
107.456
109.052
109.834
114.674
115.765
112.091
110.052
110.509
114.426
110.168
114.936
112.544
114.245
107.756
109.262
107.777
106.274
108.325
107.564
110.015
106.4
107.298
104.401
105.024
102.191
105.316
99.233
100.866
93.3388
101.813
93.2495
97.1309
94.4682
98.5973
93.744
99.4161
93.4691
99.0431
92.5352
98.458
93.6435
96.6519
89.7828
95.1917
90.1176
94.5439
91.7927
95.8371
91.9895
92.8349
91.0078
91.5324
90.099
91.8626
89.4803
94.4964
91.4338
91.7481
88.5932
93.4105
88.2479
92.1477
88.924
88.9826
87.1865
91.3146
86.8768
92.9227
86.027
90.933
84.3947
88.7518
85.6506
86.3714
84.4803
86.0686
84.0931
86.0453
82.5234
84.5883
82.8272
85.4766
83.9569
86.4936
81.8452
87.2308
81.5541
84.5045
80.1846
84.3205
79.9795
82.0847
80.3888
80.7918
78.9572
81.7955
78.7357
81.9646
79.3121
80.9345
81.5675
82.6156
83.5988
83.032
81.919
81.5687
82.2237
81.1933
82.3767
82.6556
81.0605
82.5005
82.1086
85.0949
81.1961
82.691
80.4589
81.8753
80.991
80.4123
80.552
81.5535
81.0279
79.8259
77.7046
82.7285
81.5839
81.7087
79.5743
80.8504
79.5259
80.197
77.8945
79.7152
79.4403
80.4021
81.8014
81.444
81.098
83.5216
79.1139
80.5932
80.0422
81.2994
80.1384
77.0009
78.9125
77.7623
78.7685
78.0804
75.7443
78.8169
73.2184
79.0155
77.0692
80.8936
75.1781
78.6395
75.1371
78.695
77.9876
79.6087
78.0813
78.9221
76.7862
77.8539
75.6938
79.4781
76.5082
78.4673
76.7688
74.9504
77.3506
76.0264
76.2814
74.4303
76.3326
75.4487
73.9652
74.6423
75.4536
76.9556
75.4635
74.6063
74.3909
74.7173
72.6271
72.7834
73.9615
72.9677
75.1145
70.7071
73.9749
72.848
73.9485
75.9361
75.7679
74.1381
74.6122
75.6584
76.857
76.2563
76.1859
76.4918
77.2858
75.615
76.3726
80.1083
76.2454
80.2746
78.7254
79.44
75.9389
79.1983
75.6081
78.1049
78.8805
77.82
77.3363
79.2454
80.0804
79.6832
79.9333
77.0701
82.6264
78.0028
77.8489
76.7741
79.762
76.3354
76.4412
73.0816
76.8526
75.2011
74.3816
76.2544
75.5842
77.7257
75.9665
78.6612
74.2358
75.7558
75.2361
73.8591
74.1747
75.3549
75.4611
72.1824
72.3661
71.5892
73.9246
67.7934
68.417
69.6565
69.9333
66.0838
62.3605
64.4797
61.4837
60.7028
59.2262
56.2898
57.4462
57.2526
56.6854
56.3016
55.6047
54.8874
53.8607
56.7363
53.9904
55.4201
55.6699
53.8197
53.8231
54.3934
52.8067
53.4061
53.4505
53.2851
52.978
51.7313
54.0171
55.0962
54.4738
53.2935
52.0695
53.5796
52.7059
53.5439
52.2116
54.5886
53.9665
52.246
53.7785
52.3394
52.2839
54.3835
55.1387
52.6007
51.4365
52.4334
52.3134
52.0568
50.4679
49.7831
49.0645
51.0931
49.1806
51.44
52.0279
50.041
49.7313
49.6652
49.0922
50.6032
50.6534
49.9801
49.977
52.458
51.9867
50.794
51.1669
50.995
51.3605
52.0245
51.3522
52.0546
53.0406
55.5678
53.1139
54.2249
55.2398
55.1092
54.2554
54.7592
54.2873
53.888
54.0875
54.5327
54.87
53.6221
53.9128
55.0096
54.6578
54.7747
52.1741
52.4269
53.4123
52.7347
52.4604
51.9376
52.2761
52.6804
52.6966
53.067
51.9801
52.8228
52.9013
54.1607
52.9739
53.6084
53.3152
53.4576
54.0332
53.7319
54.5318
52.6587
54.251
54.5517
53.6897
53.8762
54.332
53.5684
54.152
53.4738
52.8694
52.6708
53.0019
52.811
53.0149
53.3823
53.1843
51.9252
51.9106
51.417
51.7744
52.4241
53.0971
52.8377
53.135
52.9389
55.2423
54.8945
54.9342
55.2401
55.5712
56.0593
55.2327
56.802
57.0679
56.9774
57.0459
55.8908
56.5861
57.6696
57.0223
56.4006
56.0369
58.4254
57.6931
57.1396
57.6069
57.0993
57.4369
58.933
57.7161
56.6494
57.5551
57.2796
57.4235
57.2048
56.7412
56.6432
56.5045
56.7809
57.0168
58.0428
57.866
57.0211
58.9764
59.2495
57.6134
59.7701
59.5014
59.3112
59.1415
59.3702
59.6652
59.5824
59.6382
58.4666
58.7847
61.9876
60.2907
58.2647
57.4918
58.1589
58.1328
58.5572
59.1446
58.9383
58.9628
58.9423
59.1105
58.8154
58.7021
59.2861
60.1728
59.7459
60.4307
60.8297
60.9736
60.2057
59.7648
60.1582
60.032
59.9327
60.7924
61.9805
62.1744
61.3773
61.0791
61.3376
61.87
61.8083
61.9777
61.9401
61.9919
62.2966
61.7124
61.9479
62.0279
61.7577
62.108
61.48
62.0574
62.5355
61.0636
60.8247
61.6916
61.9494
61.7149
61.6205
63.3298
63.1409
63.8774
63.2659
63.5467
63.2035
62.9389
62.8765
62.4251
62.453
62.3965
63.1486
62.9991
62.8352
62.9575
61.0918
61.4021
61.6677
61.5563
61.157
64.0248
64.2308
63.542
63.0245
63.8781
65.0025
65.933
65.6509
65.7599
66.7977
66.7856
66.6649
66.8446
67.404
68.0872
67.3345
67.7716
67.6513
67.3422
67.0236
68.4977
67.2026
66.8247
66.354
67.458
66.8663
66.4331
67.5306
66.7965
67.9168
68.0493
68.2861
68.3909
68.3878
67.1564
67.0254
68.0363
67.6404
68.1427
67.3559
66.9621
66.2873
65.3652
67.4136
67.87
70.3357
72.2609
72.498
74.2948
71.7502
72.3559
74.1722
74.3683
75.8995
76.4998
77.1396
75.7816
80.0335
86.7903
92.2566
93.542
96.4716
100.535
106.095
60.2138
102.06
106.962
112.226
112.808
116.025
118.263
117.193
114.131
113.37
113.666
113.131
115.854
111.953
114.665
105.044
107.684
104.738
101.618
106.122
101.069
105.735
106.586
111.36
102.751
103.153
102.826
101.572
99.6323
93.8343
95.0586
97.7108
94.3996
90.803
95.7788
97.3531
91.0382
99.4719
93.381
97.3621
91.8225
96.2712
91.4179
94.888
87.525
93.3242
88.4207
89.3813
89.6978
88.2215
86.4077
90.7136
89.8461
89.3428
90.0124
91.6243
90.1694
89.5203
88.1722
89.0301
85.8647
89.399
85.3255
87.5231
86.2535
86.2702
84.3652
86.4834
84.0475
86.9442
83.9348
88.6103
85.3432
87.1803
85.0419
86.9991
84.3034
84.7149
82.4732
84.4483
82.1558
84.3795
81.6429
81.8613
77.3221
80.7248
78.1731
82.6655
78.5777
83.3745
78.5349
81.9997
78.7208
79.7533
79.3506
82.408
79.4024
82.8895
81.2733
80.7775
81.0475
84.0202
79.9907
82.8185
77.3962
79.6081
77.9395
77.7307
77.3559
77.1899
75.3329
80.3844
76.5377
78.8855
77.8473
81.3202
79.4027
78.4487
78.3422
80.0394
77.1648
81.0931
76.9398
79.8551
76.552
77.7211
76.1226
81.0335
77.9317
79.4986
76.9469
79.408
78.0872
79.009
74.2746
76.9488
75.8818
78.2426
74.7772
79.5473
78.0655
77.2277
75.3165
77.776
76.4865
78.4375
75.8778
78.3109
74.3087
77.6317
75.5631
75.3453
76.5675
75.2209
74.4207
75.9718
75.1837
77.8129
76.3612
79.3525
75.7952
78.9398
74.1703
76.4037
76.3844
76.9553
76.6516
76.1232
74.5948
75.5771
73.542
76.2194
72.8557
77.4865
72.8644
75.3487
73.6572
75.7363
74.0841
76.9479
73.9684
74.2538
74.8191
75.8483
73.3981
75.3183
74.4645
77.0081
75.1015
78.1232
75.8567
78.3311
76.4406
77.5405
74.3928
75.4279
74.0971
74.3897
73.2665
75.8017
73.1893
73.7688
73.5315
74.3556
74.9168
75.5684
73.7865
76.9888
73.6112
72.2554
71.9013
74.4685
73.3447
74.5805
72.1182
77.4347
74.5979
74.6733
75.1101
77.2051
74.3475
75.0323
73.7229
77.0105
75.2054
73.6212
72.8241
75.0428
75.3162
76.6637
74.1244
77.1039
76.4865
76.2637
75.798
77.323
75.3115
77.5334
78.2395
78.0636
75.1886
77.3888
77.2426
74.3708
77.2675
75.3947
74.6562
78.9116
75.0999
75.4874
75.3909
74.793
70.8992
66.3348
69.0422
66.8684
64.2482
63.2457
59.4642
58.0034
60.9895
60.7903
60.2364
56.381
55.2944
55.8033
53.7813
55.7782
54.3854
54.8874
53.3922
53.9525
54.0475
52.9262
53.9345
52.919
53.6783
52.1992
55.4167
55.1136
52.8446
51.2901
51.126
51.9674
51.8297
51.4846
51.623
51.565
50.3236
51.8148
49.8318
50.4167
51.7319
51.6336
50.8902
48.1247
48.9901
50.3059
48.386
49.1635
49.0397
51.1939
51.6534
51.5551
51.6106
50.6534
51.4831
51.6429
51.2771
51.3798
53.1483
52.6984
51.3838
51.8123
52.1384
53.3559
52.9314
52.7875
52.9584
53.3456
52.9984
54.4648
54.4536
54.0344
54.3745
54.3007
54.8464
54.1502
54.3162
53.471
54.861
55.6063
56.0807
55.2172
55.937
56.1545
55.9671
56.8052
56.7093
57.0574
56.1446
56.5523
55.9516
56.3059
56.4071
56.5666
56.7369
56.1809
55.9026
56.3022
55.9491
55.8675
56.8588
56.785
56.8957
57.0804
57.08
56.6826
56.91
56.5765
55.4632
56.1089
54.6637
54.8778
55.7208
56.8256
56.3171
55.9668
56.0025
55.1759
55.1046
55.0363
54.6705
53.8359
53.0828
52.9907
53.3903
52.8855
53.4632
52.4642
53.5039
54.0729
55.9867
54.435
54.4803
54.2699
53.1703
54.8374
53.8185
53.6125
54.2603
55.0152
54.7757
55.1601
55.2817
55.9023
55.6336
55.3618
54.2569
54.8768
55.368
55.0273
55.3034
54.7921
54.9587
55.9718
54.4201
54.9519
56.1303
55.3124
56.623
56.3162
56.22
57.0571
57.2622
57.5296
57.4207
57.632
56.6584
56.1036
57.0959
56.9094
56.8114
56.8352
57.0754
56.6938
57.3065
57.2979
57.394
57.9473
58.7937
59.2433
58.7251
58.6047
58.1679
57.9088
59.3754
58.7971
58.439
58.7006
59.471
59.0124
58.5101
59.4843
59.9029
59.3878
59.3376
59.7347
58.9165
59.1021
60.4741
60.2811
60.2479
59.6503
59.6162
59.0171
59.4192
59.6953
61.0897
60.8895
60.2895
60.1961
60.4794
59.9457
62.7074
61.7478
60.179
61.9981
62.4136
62.4521
62.1852
62.2907
61.6689
61.5371
61.9805
63.0199
63.309
63.7056
62.444
62.3515
62.2746
62.4437
62.3739
62.094
62.032
63.013
62.8411
62.8706
63.0419
63.2389
63.7639
62.8551
62.8681
61.4887
62.0031
62.1604
61.435
61.009
61.449
62.2975
62.2566
61.265
60.9361
61.4729
61.2091
61.3196
61.4915
61.3404
60.3559
60.8616
61.1601
60.6181
61.8163
62.8985
63.2454
63.5572
62.3016
61.5752
64.1803
64.6959
64.346
65.1589
65.4158
63.7484
64.2305
63.843
64.4877
64.6423
64.4666
64.8871
64.2169
64.7536
65.4673
65.4428
65.8576
65.7263
65.462
65.5287
66.059
67.7419
67.5591
67.2042
66.7971
68.5262
69.076
69.4815
69.7968
69.2963
68.4058
68.6693
68.0723
66.6097
67.1613
69.8266
69.7853
68.8992
68.354
68.0127
66.682
67.4592
67.3224
66.0586
68.5939
68.5911
70.6407
70.193
69.5234
72.2007
71.5659
71.5458
71.0884
71.6882
71.2827
72.6596
73.022
73.6944
73.5603
73.9224
73.9774
75.8197
75.9693
76.7456
77.4226
76.2445
76.2442
74.6916
76.103
78.7381
78.4881
80.1942
80.0245
79.0652
79.1458
79.5411
80.2212
80.2231
79.9758
78.9575
80.1309
78.8989
78.2457
78.5216
79.9023
79.1359
78.9389
83.8604
86.5064
96.0863
97.8942
107.28
62.8027
102.637
107.291
110.884
113.327
116.134
115.478
113.995
118.247
115.919
113.853
111.773
116.019
112.335
112.865
108.721
107.971
107.934
101.162
106.417
110.243
108.874
105.033
112.319
108.988
104.989
101.857
102.855
94.9873
101.595
96.0521
101.296
100.75
99.6056
95.0571
98.072
96.2417
100.657
96.0828
97.1387
91.4372
98.0484
92.1272
94.4645
91.1738
90.9246
91.1579
89.5715
90.1691
91.5017
92.328
92.3987
91.4936
94.0226
92.1402
91.3993
90.9916
92.0341
84.2653
92.1939
85.8387
88.1855
87.3422
89.1917
84.5607
86.7015
85.7152
86.5476
87.0379
85.0732
85.5932
84.874
82.2656
85.5923
85.2358
85.089
84.9823
85.8231
83.2401
81.9832
82.2972
82.3518
82.6221
85.157
83.4828
82.3618
83.839
85.4362
84.7574
85.4483
83.2665
85.4775
81.439
81.1387
82.8297
82.5188
82.0366
81.6106
82.4117
87.0863
85.1871
83.4946
83.8455
82.3388
82.8197
81.8511
80.8616
80.0313
78.802
78.1316
76.1421
79.3795
77.1722
77.7291
76.273
77.7164
77.207
78.7558
77.2923
79.0236
77.8563
78.5203
76.9637
80.2575
77.3866
81.1855
78.2293
80.9339
77.7698
78.6814
77.0946
80.0003
80.5222
78.902
79.273
78.7397
80.5526
79.8778
79.4635
79.793
76.2938
77.8644
74.6845
75.7592
74.5647
76.0019
74.8849
77.1914
74.9296
74.1852
74.6609
74.6413
73.264
73.3103
77.3339
74.2197
76.2321
73.3301
75.3689
77.4918
77.5635
80.6143
77.8663
76.5585
77.5706
75.7298
76.3522
75.1117
74.7325
75.8734
74.9274
73.1309
76.4142
75.3674
75.4279
76.5296
74.5433
75.2951
74.0639
75.8793
75.6891
73.552
76.1353
76.6187
74.7809
75.6376
74.3
78.2246
76.6429
78.3034
75.9851
76.3711
74.8287
74.8926
75.4229
75.6311
74.9997
73.9162
72.3726
76.0931
74.8824
74.0289
72.7487
75.4685
74.2488
75.2386
73.7642
75.385
72.7201
71.6956
72.9026
75.6168
72.8576
72.8681
73.233
73.4043
73.2758
74.6463
74.0084
72.6438
74.1008
70.789
71.368
71.1086
72.4806
69.5213
71.081
71.2355
71.328
71.3112
71.3869
72.0825
72.9873
71.6032
71.1111
72.1827
73.125
72.5687
71.3193
72.3705
73.5948
71.7657
73.0984
76.8005
75.0866
77.7388
73.2594
77.1629
74.8809
75.7223
76.7419
75.0922
72.3422
67.9966
66.9569
70.6509
67.9119
64.1644
61.9156
62.4818
61.875
60.6407
61.2101
58.5976
58.9473
58.435
57.9395
54.9482
54.8511
54.049
54.3624
54.3199
53.9832
53.9808
53.8052
53.9553
53.6255
52.9969
51.811
50.7298
49.8985
51.6562
50.1449
48.5256
51.5839
50.3751
52.1877
52.9255
53.1691
52.7031
52.7226
50.9873
51.4527
49.8852
49.004
49.7608
52.6081
53.5433
52.2234
51.3857
51.5281
50.3686
49.9469
49.986
49.811
49.5715
50.1074
50.9265
50.8728
50.4018
50.9432
50.5948
51.1492
50.4428
52.3816
52.4589
53.7744
53.964
54.0273
52.5517
53.6727
53.8622
53.5383
53.9938
54.3475
55.3686
55.7111
55.3978
56.0571
54.7903
54.0875
54.9547
54.902
55.0993
55.4061
55.255
55.0701
55.2315
55.9684
55.3823
55.7533
56.2975
56.0199
55.92
55.3776
54.6556
54.3056
53.3273
52.7186
52.3869
53.7111
52.9643
52.6516
54.2063
53.3509
54.7012
54.0379
54.4375
54.1492
54.4061
54.5061
53.5352
54.0087
53.542
53.4232
54.3813
53.9842
53.5647
52.9888
53.1523
52.6174
53.031
55.8982
56.1371
56.4862
56.4865
56.1257
57.2488
56.9324
55.4452
55.2011
54.7195
54.83
54.9044
54.6298
54.9584
54.0549
54.8759
54.7716
54.6367
53.8005
54.3497
54.1489
54.6736
55.7232
54.4527
54.1713
55.7037
55.1859
56.152
55.6196
56.2479
56.6646
56.6289
56.5554
55.911
56.6553
58.2122
58.3841
58.0642
57.8408
58.7003
57.8228
58.4539
57.013
58.0096
57.4896
57.2882
57.9541
57.3751
56.7301
57.4862
57.2743
57.0093
57.9997
58.6466
58.1129
57.1824
58.5545
57.9268
57.2231
56.9836
56.282
56.1669
57.3503
57.9609
59.5116
60.184
60.1288
59.6308
59.8433
59.1244
59.1371
60.161
59.8098
59.4542
58.7422
59.9463
59.1877
58.8259
61.2873
61.3295
60.7974
60.4449
60.7993
60.7918
61.0509
61.278
61.4173
60.9296
60.821
60.7279
61.0428
60.7127
61.3407
60.866
60.6913
60.91
60.7071
61.1095
61.1018
61.2737
62.8455
63.7937
63.8762
62.4598
62.7605
62.5504
61.9078
62.152
62.6032
62.6472
61.8598
61.646
60.838
61.5662
62.6792
61.8923
61.6534
60.9125
60.7388
61.8899
61.9953
63.6398
63.641
63.09
64.7744
64.1452
63.4338
63.5315
63.5616
63.5107
64.39
64.3385
64.1297
64.1989
64.4096
64.3835
64.1827
64.1821
65.0776
65.0248
64.7329
65.7682
65.5042
65.4635
66.4514
66.2113
66.0469
66.027
66.4446
64.771
63.0233
63.6469
64.0875
63.5451
63.4328
63.8511
64.0208
63.9016
65.6243
67.3953
68.4455
67.3844
67.717
66.2842
66.265
67.5458
67.6267
67.152
66.8771
66.8439
66.3878
65.7437
65.9156
65.8002
66.8529
65.9206
67.0137
67.3165
66.8678
66.978
68.0459
66.9429
66.3624
66.5883
67.1353
66.9984
65.6171
67.1852
67.7167
66.4418
65.1744
66.4744
66.8747
65.9091
66.8179
66.4238
66.2823
68.6063
67.4955
68.986
69.8179
68.2547
69.5802
70.3463
71.6081
74.041
72.9581
75.812
61.8185
102.482
106.639
109.557
112.913
116.276
118.511
120.279
111.97
114.11
112.713
112.352
112.173
112.336
113.302
109.901
105.387
107.366
106.415
107.232
106.464
106.549
104.609
106.222
103.304
104.939
103.151
99.8048
99.2007
99.7949
97.1893
101.988
96.4344
103.545
99.3897
102.692
98.713
104.594
99.7068
104.432
100.286
99.5743
97.1554
100.925
92.2889
95.9438
90.0298
98.3515
91.7425
96.2721
91.2262
96.5712
91.9317
94.744
90.2886
94.2445
87.7223
93.6174
88.0357
97.9988
84.2088
98.7685
85.0239
93.9659
89.2675
93.4037
86.8222
95.2445
88.8787
90.278
83.8961
91.8619
83.7425
89.7626
82.301
86.587
81.7813
86.7521
82.4524
84.6547
82.4846
84.09
80.5557
83.9088
80.1278
83.9293
81.5374
82.1412
80.5231
83.8231
81.5383
82.0016
80.9836
82.1617
77.9525
82.049
79.1433
81.7437
78.3999
82.6395
81.3723
84.7031
81.8365
81.5002
79.5808
80.485
80.812
79.5877
79.6668
78.3844
79.0431
80.7599
76.4257
83.5998
75.4328
78.3444
78.1446
81.4021
75.1123
78.3785
72.847
80.0431
76.4471
80.9454
79.7586
81.0931
75.8868
78.9398
77.6984
80.9013
75.7208
79.7524
77.1195
76.8567
75.2594
79.6668
76.0248
78.9761
75.7518
76.3518
73.8688
78.2634
72.8204
74.0419
73.866
75.5752
74.0717
74.3118
74.8517
76.3081
76.4797
75.2209
76.9736
77.4549
75.3494
78.1334
75.1874
75.7124
75.059
76.6041
74.9342
73.8399
72.9941
72.7437
73.3286
72.296
71.6832
71.9389
72.6466
73.238
71.3407
73.5116
70.3249
74.3252
71.5073
74.5132
72.0441
73.0717
73.8027
73.4049
71.8684
73.009
73.2172
74.5095
72.2957
75.3419
73.9777
74.4874
72.9594
76.1775
74.3916
74.7211
72.8989
73.5182
73.5855
72.1492
74.112
75.6978
74.6975
73.7989
74.2042
74.6004
75.1303
73.5824
73.9758
76.7304
73.8607
75.081
72.475
74.0977
74.2746
74.6122
73.3897
77.5693
73.1778
76.0971
74.7214
76.9451
71.0087
74.1328
71.1309
72.3515
70.5622
71.256
71.897
72.4974
71.6944
71.5368
71.3224
72.4313
72.8812
73.7583
74.8545
71.476
72.6745
71.3469
71.4229
70.202
72.0093
70.197
72.3031
71.7204
72.4269
71.4617
71.9206
73.6699
73.4381
75.1868
74.9538
76.0918
73.1961
72.2643
72.5628
64.803
65.6174
67.4474
64.4341
63.7741
60.7515
60.3615
60.4285
60.0698
60.8393
58.3143
57.0118
57.2464
57.0763
55.1356
54.5892
55.6863
55.0081
54.7384
55.1365
54.9535
55.3885
55.8626
52.9268
52.0115
49.6689
51.1871
52.7505
54.4868
53.3044
54.1483
52.9687
49.8504
49.7235
49.9026
51.0143
50.4843
49.9442
50.5814
51.9407
51.7875
52.2128
52.8675
52.7651
51.4428
53.8747
53.2634
52.502
53.8567
53.5389
54.1852
53.3984
53.5942
53.9789
53.9972
51.5324
53.4946
53.4046
53.9106
55.5914
54.7167
53.7431
53.8129
52.856
53.3159
54.9491
54.385
53.9848
53.2035
54.8833
54.8836
54.457
54.4545
54.6987
54.2929
54.1089
52.5998
53.0769
52.3577
53.1905
53.1843
53.2243
53.1942
53.5126
53.3739
53.5433
53.0887
53.4334
53.031
55.0375
54.1415
54.1703
55.533
54.8455
55.9479
56.0844
55.5079
55.0717
55.4021
55.1111
55.2715
54.5185
55.395
55.2966
55.3292
55.6482
55.8622
56.4459
55.8421
56.228
55.6168
54.5051
55.7099
55.5014
55.2302
58.2982
57.6066
58.3298
58.4871
57.3419
56.9392
57.3987
58.0065
57.5482
58.1406
58.7273
58.4002
58.9379
56.7366
56.3587
56.9209
56.6398
56.2839
56.4465
54.8383
55.0012
55.5039
54.9106
55.8492
55.9795
54.8511
55.2318
54.668
54.2429
54.9746
54.4276
53.9711
54.2547
55.5436
54.6745
55.1142
54.4663
55.6137
55.6066
55.6978
55.5287
55.072
55.3478
55.7034
57.0003
56.7304
56.7378
56.6544
56.4738
56.0006
56.4387
56.5954
56.8653
56.8864
56.1213
57.5182
57.8539
58.367
58.3636
58.4114
57.4307
58.3186
58.8452
60.7732
61.2203
59.8598
59.8185
59.4462
59.708
58.0065
58.0664
58.4536
59.3034
58.762
58.6298
58.2268
57.8877
58.0608
57.5662
58.5582
58.0447
58.4831
57.4741
57.2727
57.9488
58.0143
57.6277
57.8892
57.8135
58.1874
57.8275
57.9265
59.4272
59.1095
59.633
59.7049
59.596
59.6832
60.6013
60.2132
60.1148
60.0428
61.1309
60.0127
59.8129
60.5365
60.3888
60.7347
60.2094
59.2975
59.1452
58.5662
59.1573
58.6187
58.8083
58.0856
58.3633
57.9504
58.7353
58.8449
58.2634
58.8678
58.0242
58.4949
59.1927
59.9814
60.0856
59.2271
58.6469
59.1734
59.0816
58.7478
59.8926
60.3798
60.4139
61.8672
61.0133
61.0158
60.4943
60.695
60.6429
60.3124
60.3413
61.1247
60.3593
60.8836
60.9473
61.1477
60.82
61.0804
60.745
61.0745
60.5805
60.6739
60.9513
60.3388
60.6069
60.3044
60.439
60.3559
60.5513
61.3084
61.9836
63.3608
63.4794
62.1765
62.3999
63.7465
63.4266
64.3615
65.7872
65.2358
64.717
65.1902
65.7654
65.852
65.9584
66.247
65.5154
66.7031
67.3075
67.7254
68.2448
68.3615
69.2349
68.3497
68.8548
69.5777
70.1592
69.9243
69.5827
69.9637
70.0313
72.6478
73.2678
73.2349
73.8415
74.3878
73.9181
74.1362
74.3472
73.2696
73.1976
72.2181
72.1173
72.1402
72.2268
74.3999
74.3754
73.1669
74.0617
74.1694
73.5203
74.6283
74.654
75.3016
77.022
77.7372
76.8957
76.5991
76.987
77.7459
77.484
77.2256
75.8396
77.4142
77.8207
76.4034
77.1471
77.1781
77.6742
78.547
79.0146
80.6699
80.7232
82.116
83.1142
83.8582
82.023
82.8598
83.8135
83.8554
82.5731
83.8836
83.57
82.3022
84.5275
84.3416
84.619
86.4623
86.8591
86.9609
