62.0405
110.819
111.935
117.28
116.561
126.675
129.099
119.443
124.29
116.158
119.688
118.243
119.741
113.545
120.018
113.886
113.471
109.058
112.278
109.846
112.881
110.191
112.944
115.896
110.995
109.849
103.216
107.924
107.275
105.089
100.453
107.107
105.064
105.006
105.727
105.145
108.7
104.479
103.334
104.65
100.209
101.181
97.9874
101.279
100.702
101.31
98.9851
101.104
99.4638
99.8066
97.0107
100.643
96.1145
100.091
96.7384
98.9106
96.2986
101.04
94.5748
98.3533
96.98
98.1631
94.2539
94.6679
92.2304
94.0572
90.8308
95.1064
91.3987
97.4526
91.1345
94.9011
89.6928
92.9341
89.0291
91.6651
88.3805
90.2725
87.9637
91.1438
87.0561
92.1652
88.5125
90.5795
87.5809
89.7473
87.6889
89.5029
86.4429
89.0214
86.666
89.5923
86.5879
89.616
86.4133
88.9653
85.1899
89.1531
84.2839
88.9358
86.2716
88.2935
84.2404
90.5783
86.8504
90.8739
87.6842
90.2434
85.9265
88.515
87.5951
89.2858
86.6388
87.3333
88.0063
89.868
87.996
89.6667
89.2253
90.9863
86.478
88.3784
85.6151
87.7701
84.1992
87.5136
87.3416
85.7663
84.6502
84.6756
86.3516
84.6779
83.8031
86.1678
83.9318
84.6667
83.6698
85.1313
82.9169
84.6055
83.6025
83.8092
83.3817
84.6016
85.3903
85.8478
83.4347
85.7798
83.7442
86.5844
82.3074
86.3996
82.6435
83.4217
83.3232
82.6069
83.0379
82.7954
81.057
83.0021
81.538
82.6686
81.279
84.9051
81.4799
82.5118
80.7826
81.4873
79.6823
80.9244
80.391
83.0612
81.4194
81.8776
80.3386
84.1347
83.4103
85.9078
84.4661
83.3319
82.9297
80.8378
79.7915
81.3509
82.1182
81.8513
81.236
84.326
81.074
81.6693
80.0116
83.0635
82.6083
81.3765
81.7843
79.8506
81.0687
81.313
81.8964
82.4361
82.4263
83.3111
80.9311
83.202
82.8706
83.8529
82.6693
83.1275
84.1466
83.6235
85.5173
83.0952
83.3333
83.0012
85.7985
81.8532
81.3509
81.9565
81.8036
83.7391
84.6377
83.8397
83.4454
82.8641
81.8518
83.1792
83.5555
84.1832
82.623
85.2504
82.0745
86.0496
84.0321
85.1648
81.3465
83.2455
83.5111
82.276
81.6274
82.2937
81.4045
82.2588
81.168
81.9099
81.6055
82.8764
82.161
81.9057
82.2153
80.4398
82.7256
81.528
80.6384
73.532
74.5069
74.7994
73.1906
73.2108
68.8725
69.0584
67.919
67.404
66.8932
65.9611
65.5881
66.0596
64.7403
64.5001
62.2271
63.6909
63.3132
63.7021
61.5734
63.3947
58.7594
58.5941
60.0431
57.8457
59.5676
59.8455
60.0721
58.9842
57.3167
58.9092
60.1811
60.6586
58.6365
58.1883
58.2513
60.4869
57.3696
58.2034
58.5555
58.1589
59.299
56.6335
56.6414
57.8029
56.5892
57.4882
56.0314
57.0659
57.5176
58.4754
58.3118
58.3226
58.081
58.6332
57.1136
57.2034
57.1273
57.829
55.7142
57.3598
58.804
58.9821
58.35
58.5527
59.6269
60.9144
59.8387
59.6356
59.3198
59.6365
58.8008
57.9923
59.4999
59.5855
61.5471
61.3735
61.051
63.8864
63.1115
64.1203
62.7957
62.1913
61.4038
63.327
62.0626
62.3642
61.68
60.162
59.5292
58.1489
58.2746
58.5902
60.3316
60.3086
60.5383
61.754
61.0747
59.4231
59.9311
59.6025
59.9204
60.902
62.1161
59.5045
59.0798
59.3987
59.1352
58.8608
59.5683
59.3402
60.1452
58.9597
59.253
59.4084
59.781
59.1212
58.8329
59.0496
58.3749
59.3416
57.5662
58.68
59.2567
59.266
58.8031
59.3605
59.098
59.0351
59.5215
60.0656
59.3735
58.8506
59.7331
59.0801
58.6602
59.3975
59.1303
59.2539
59.4103
60.1489
59.8404
59.6875
59.1413
58.8136
59.6418
58.9062
58.8145
59.1731
58.4724
59.0435
59.0161
58.4159
58.5241
59.9895
58.8508
57.7919
57.1257
57.0431
57.9986
57.8662
57.8066
59.1911
58.2897
58.9791
58.6456
59.3561
60.7163
60.8434
60.1913
60.1494
60.8385
60.7624
60.8418
60.4859
60.0684
60.8539
61.6749
61.5785
61.5974
62.7312
62.5581
62.2821
62.1098
63.4291
63.3407
63.4892
62.6279
63.1064
63.0319
62.4194
62.4799
63.5266
62.4715
62.0179
62.2848
61.532
63.0163
63.0379
62.518
62.8974
64.3612
64.3326
65.1885
64.9432
66.2606
65.5118
65.6623
64.283
64.5962
65.4443
65.3295
65.5432
65.5034
65.2867
65.2332
65.7347
65.3884
65.606
64.868
64.8541
65.1268
65.4119
66.2739
66.4848
67.768
68.169
68.3156
67.5946
67.4496
67.171
67.2727
66.9162
66.0696
65.839
66.7447
66.2325
67.7808
69.1743
67.8296
66.7864
66.522
67.1948
68.0554
67.35
67.0265
66.7438
66.9334
67.1322
66.9237
66.6819
67.313
67.707
67.8583
67.6074
69.2434
69.7496
70.1946
71.6358
71.9665
71.5634
72.1613
72.2588
71.8874
72.9928
73.2604
73.5397
73.0684
73.3495
73.7219
76.0005
74.9267
75.2876
75.9367
76.7017
77.4592
75.8948
79.0768
78.5725
77.0393
77.2176
77.057
77.7184
77.3721
76.7254
80.1231
80.336
79.1569
79.2299
80.3137
80.647
79.6086
79.5255
80.1068
81.003
80.3665
77.9949
78.0009
78.4091
79.3028
81.3137
81.3868
81.8392
81.7098
81.0887
81.7254
82.2257
82.4745
82.0333
82.0666
83.1841
84.286
84.2909
85.2497
85.0482
87.2911
87.0226
86.1019
86.2081
87.8087
87.1901
86.7626
86.0787
88.9206
88.9902
88.3395
91.5799
91.7366
92.4973
94.4226
93.0037
91.886
91.6374
93.744
93.4871
92.8359
95.906
96.828
99.535
104.16
109.489
114.665
116.958
118.704
119.498
122.382
120.517
61.4589
109.921
112.434
116.159
122.286
122.705
129.426
121.888
123.002
120.194
120.393
117.29
121.755
115.749
119.97
112.136
113.143
108.814
111.062
111.394
113.254
113.5
112.98
112.986
112.252
112.91
107.306
110.75
106.297
108.017
101.588
107.857
108.605
107.471
105.917
107.988
102.439
106.268
101.411
104.578
102.341
102.132
103.446
103.154
99.0731
100.458
98.8108
98.6809
98.99
98.7515
97.1005
102.884
98.8909
103.051
100.6
103.228
98.6765
102.686
96.1697
99.2106
96.4305
98.0817
97.0572
100.138
95.6821
95.33
95.1645
96.1827
91.5287
93.0354
93.1052
92.5734
92.387
92.124
89.9172
94.7494
89.6363
90.4855
87.6016
91.7538
86.0161
89.8578
87.2402
91.1873
87.5851
92.6002
86.4329
91.8501
87.986
91.4675
87.471
91.0012
89.922
92.1131
89.4266
91.7733
88.7133
91.8799
85.6016
90.4613
86.0575
89.041
85.1424
89.2997
85.93
90.2174
88.502
89.2195
88.0856
87.9423
87.1529
90.1422
85.0012
86.1231
83.4464
87.6342
83.4626
86.0151
84.7212
87.5385
85.1818
86.384
81.9178
89.7657
83.7252
87.3065
79.3891
89.3244
82.1054
84.4754
78.7717
87.4731
80.0042
84.0012
78.299
82.8552
80.4166
83.2143
79.3158
86.0728
79.9151
81.5869
78.6558
83.6044
80.7186
82.4492
79.2797
84.4478
81.4985
83.8578
81.0358
85.0638
81.5641
84.0337
79.4471
84.2341
80.9514
82.4906
79.9853
84.2022
82.1126
84.9365
79.3302
84.8476
81.5837
83.1301
81.7989
86.2239
80.5394
85.1973
80.8792
86.903
80.6423
85.9097
81.0956
86.7836
81.4666
84.6018
77.7889
82.7535
77.2306
80.8878
79.8613
81.2704
77.9572
80.2937
79.3831
79.4505
77.4994
79.4482
80.1033
80.4263
78.0368
79.966
80.1564
81.444
78.6125
79.4841
79.9418
82.0107
80.8587
80.3221
83.8013
81.1422
81.8685
82.8857
81.1508
84.2613
82.5304
82.7726
82.6912
83.4408
82.4633
81.1166
80.8846
82.4813
83.6211
80.8427
81.8306
82.3288
83.1636
82.0133
81.461
81.94
80.757
81.108
81.2946
83.4885
81.583
83.2132
80.4105
81.4431
79.4331
79.7426
78.61
79.3479
77.3607
81.1196
76.1638
79.0081
78.7049
78.4873
77.0756
79.5981
78.7461
78.0656
77.5734
77.4836
78.933
77.3712
78.7363
77.5404
75.0691
69.6956
70.7186
73.3651
72.4268
69.8564
66.8171
67.4454
68.4885
66.5879
66.1764
64.6709
63.5569
63.5115
64.7731
64.9958
62.3437
61.0323
62.2497
61.1783
62.8229
63.1978
62.6623
60.4566
59.8897
57.0884
58.1189
56.7424
55.9616
59.2956
57.3333
57.8673
58.9672
60.2879
60.1378
59.6912
58.4452
57.0749
57.7852
58.0074
58.5387
58.02
59.1517
58.0938
58.014
58.9295
59.0303
59.9539
57.6919
59.1364
58.7899
58.2602
60.222
58.8241
58.3945
58.9404
59.1797
59.115
58.9183
59.8201
59.5788
61.2853
60.0675
61.559
59.6763
59.4885
60.6377
60.239
59.9076
60.0828
59.8902
59.1806
61.1122
61.2714
59.8443
60.1324
59.5343
60.8753
60.0763
61.5697
59.5869
61.2441
58.1231
57.4948
58.969
59.5155
59.5378
59.8266
59.4727
58.7168
58.822
59.4175
61.0647
61.2995
60.9823
59.7643
59.6169
59.1105
59.5439
59.367
59.5062
57.876
57.4052
59.0277
58.2206
58.518
58.528
58.2995
58.7119
59.0393
58.916
59.8164
59.4829
59.1278
59.4331
59.6719
58.8413
60.2423
60.0263
59.8141
59.0926
60.182
60.0719
60.2155
59.5811
60.2248
59.7142
59.892
59.7207
60.4638
60.6183
60.3475
60.6365
60.077
60.5476
59.5215
60.0168
59.6484
59.6128
60.3852
60.2076
59.4906
59.8957
60.0314
60.7715
61.2714
60.8706
60.6626
60.6882
61.2129
61.0593
61.6837
61.0894
61.0296
60.0086
61.8168
61.1734
61.6707
62.3558
61.4792
61.2402
61.024
61.1724
61.4638
61.6886
62.6467
61.6377
61.711
61.7449
61.6532
61.9786
62.1606
62.1238
62.0808
62.1233
61.9153
62.2094
62.0319
61.896
61.9144
62.0621
61.6812
62.0954
62.0067
61.7212
62.0982
61.8909
63.0819
63.2083
63.0621
63.9777
63.63
64.0533
63.3798
64.4191
64.0358
64.2727
64.2153
62.4938
61.8096
61.2558
62.4671
63.293
63.5676
65.0628
64.7161
65.5892
64.4263
66.6507
65.5353
65.7375
66.9206
67.1192
68.2595
66.3633
66.3879
66.0873
66.2264
66.2136
65.8429
66.168
66.3765
66.3484
66.5681
66.8343
66.9251
67.3302
67.7957
67.9251
67.8401
66.8964
68.2683
68.4673
68.3053
69.1666
69.3158
68.6088
69.1077
69.2174
69.0873
68.8404
70.5827
70.3363
70.4028
70.3288
71.2609
70.8068
70.6225
70.602
72.2076
71.839
70.6712
71.4066
71.5504
71.7845
71.4203
72.1243
71.8967
71.1059
71.6802
71.0915
70.8774
70.9493
70.2655
71.3749
72.3139
72.1815
73.1955
72.8313
74.2981
75.9441
77.1313
76.3367
76.3104
76.9686
76.8194
77.1043
76.6209
78.5315
78.2274
77.9639
77.4848
78.0547
77.9758
77.1615
77.2288
77.6609
78.6037
78.3754
79.7987
81.879
81.9518
83.0282
82.2034
81.8127
80.3637
81.3623
81.6821
81.5204
81.7158
81.7652
84.081
81.811
80.1999
79.1508
79.007
79.3612
80.5169
80.0577
80.0026
81.363
81.1457
81.2588
80.7396
81.0279
81.4508
82.0666
83.3384
83.2655
83.0137
81.4794
81.1571
80.8904
80.9225
81.0207
80.6553
81.7568
81.9241
81.9781
83.6823
84.3854
85.9334
86.2625
87.8552
88.0014
85.744
85.8136
86.4626
86.717
89.7047
90.3859
92.1233
96.077
94.2855
98.738
100.787
104.685
105.306
62.9849
108.324
111.732
119.622
116.659
126.019
125.816
115.818
118.531
114.682
118.085
116.333
116.939
112.871
117.059
112.086
110.977
106.41
108.027
111.704
108.181
110.931
111.525
113.587
106.682
108.915
104.633
107.774
108.423
105.317
103.108
106.294
101.024
107.27
104.17
107.751
105.741
109.006
104.188
104.222
99.2553
104.066
103.08
107.773
98.1783
105.752
99.0126
106.269
94.8573
104.475
94.6251
103.881
97.4482
105.367
97.434
105.407
96.1573
105.611
99.7158
104.118
95.2288
105.587
97.0694
104.416
95.3386
99.8715
95.6386
101.616
93.8639
100.499
94.0277
98.9174
93.2928
96.6297
92.9714
96.7654
89.9204
93.936
88.6747
94.8848
89.1268
91.9274
86.775
96.1082
88.3333
94.2409
87.3812
94.0868
86.2958
93.2374
85.6896
96.4782
89.0074
95.9867
87.5979
93.8031
88.5569
93.2364
90.0859
94.6465
89.3179
94.5248
88.2378
94.6842
88.95
95.5306
86.5457
90.04
86.3495
93.1983
84.1247
88.1108
83.6321
92.306
82.7091
85.5709
81.9825
90.8848
82.4175
84.1077
81.9055
87.9211
82.3593
84.8462
83.0954
87.465
82.7121
84.0905
81.491
85.9355
82.1101
86.3391
83.2485
85.6272
82.4578
86.4049
83.6495
84.6488
82.5727
85.875
82.5527
85.3481
78.9807
86.0538
80.1531
85.1643
81.1948
85.8646
81.6267
86.297
81.7303
84.7463
81.1161
86.1922
80.3544
84.1685
80.7657
85.0151
78.7286
83.5606
79.596
83.895
79.0733
81.1643
80.333
85.5471
81.471
84.0249
81.7978
85.8294
78.9977
84.8269
81.7477
87.7138
80.1427
82.3468
80.8795
80.6972
80.6844
79.2851
80.215
83.1468
80.3458
82
79.4268
83.6791
81.135
83.1448
79.9227
84.0696
79.9325
80.4978
79.5962
81.7601
78.8932
78.4415
78.5038
80.5862
79.5148
78.36
78.2921
80.0002
78.0891
77.4438
78.4645
79.9002
77.6307
79.4643
77.8457
81.1685
76.7515
78.9411
78.2458
79.7438
78.3219
78.0282
76.7084
81.4666
76.5881
78.4508
76.603
81.1024
75.5655
77.6605
74.9539
81.7922
73.2416
77.151
76.9905
77.7063
76.8269
78.0184
75.8029
76.3796
75.6118
74.101
75.1264
76.7663
77.5201
77.5618
77.1345
77.5187
77.0182
77.0794
75.4284
76.8094
75.9509
75.6449
76.2651
76.3291
76.472
76.0519
75.0109
70.2762
72.4587
73.8539
72.8687
69.9874
65.8336
67.0898
68.1096
67.2772
65.9621
63.5543
64.9395
63.4498
63.2248
61.6919
62.3856
62.7542
60.1196
62.519
62.3342
61.0982
60.8287
60.5504
60.8776
61.6228
58.6812
58.185
56.6868
55.9148
56.1389
57.1087
53.7761
55.8103
56.555
55.6877
56.5934
54.9881
56.7047
56.0263
54.1894
53.697
54.6847
54.6135
55.8036
56.673
53.445
54.4238
54.0405
54.6812
53.8469
52.8857
52.7426
53.5499
54.273
53.7158
53.6898
54.8399
53.9697
54.2667
54.462
55.5304
55.4822
54.8418
55.9639
56.307
56.2665
55.6302
56.3384
55.4789
53.1529
53.7878
56.7654
58.5906
59.2074
58.8185
59.4305
57.8639
57.4878
56.5574
56.1001
57.1799
57.6856
56.8569
56.9439
57.2085
57.4245
56.5548
56.8178
57.1119
58.9246
58.3295
57.364
58.7545
59.9842
59.4889
59.5671
59.959
60.7498
59.5869
59.6602
59.9784
59.9258
59.8173
59.4308
59.5534
59.2097
60.8278
59.8515
59.9172
59.9076
61.0054
60.2306
60.98
61.2108
61.5397
61.3302
62.5401
62.0016
62.1455
61.7619
62.5944
62.5806
62.6311
62.3798
62.4992
62.7675
61.9365
61.7919
62.8006
63.6667
63.1801
63.3065
63.1671
63.2627
61.9972
61.849
61.5883
62.3523
62.7338
62.6067
62.5841
63.8236
63.4866
62.0712
60.9963
62.4515
62.4184
62.3172
62.1231
62.5813
62.6288
62.4031
62.4445
62.7254
62.7261
61.5341
61.1764
61.7254
61.1666
60.7796
62.6658
62.6442
63.4713
62.1913
61.232
62.5972
63.1094
63.5704
63.4396
63.5008
63.4515
63.2867
63.5143
63.8034
63.5425
63.8506
63.5623
64.9088
64.5069
64.1943
63.4073
63.242
63.5855
63.216
62.5492
62.9386
63.454
62.9972
62.969
62.4873
62.1901
62.1313
61.9192
61.5411
61.7591
62.2509
61.6812
61.3984
61.4538
61.471
61.3405
62.0284
61.8073
63.0093
63.5646
62.8541
63.1948
63.0065
64.5194
65.0596
65.1045
63.5937
63.5434
64.6656
65.8006
65.8627
65.7096
66.6574
67.8092
67.6314
68.0698
68.2032
69.1857
69.4578
69.7221
69.6633
70.6344
71.2299
70.0547
70.1776
69.7561
69.5886
69.1797
68.5685
67.9786
65.9339
65.5418
66.0705
67.1417
66.6335
66.4219
66.7819
67.4398
67.9393
66.2355
66.6521
67.5872
68.4738
68.427
68.3558
68.2802
67.5522
69.337
68.7252
69.1008
69.4729
68.7701
68.7752
68.431
68.3461
68.4915
67.2278
67.6807
68.4687
69.0123
69.6956
69.9118
70.262
75.6577
74.9798
73.852
74.0656
73.6283
73.8478
73.6418
72.6444
74.3973
74.7547
74.1862
75.4217
75.7186
75.2339
75.0461
75.1501
74.791
75.407
75.6735
75.417
74.3116
75.3747
76.0109
76.7854
76.1608
77.0833
76.7878
77.0503
76.7761
76.3349
76.4452
76.6183
78.1024
77.0116
77.3374
78.0759
78.9637
78.0959
78.1976
78.3307
78.509
77.4133
77.0002
78.0926
79.0624
82.3563
82.5527
81.582
82.4585
85.6207
94.6116
97.6958
104.661
111.753
112.025
112.762
113.661
111.735
113.758
61.7778
107.115
114.001
117.488
115.661
121.9
124.298
120.682
122.631
118.421
123.02
115.563
119.919
113.153
115.544
111.034
109.916
109.906
111.084
113.66
112.631
114.569
115.125
114.92
112.647
108.831
108.292
104.719
103.915
106.841
102.82
109.135
105.836
108.799
108.912
110.747
103.698
106.357
103.457
104.282
97.9518
105.226
99.8983
103.437
96.7391
104.541
99.8071
102.721
100.489
99.3521
93.9365
102.312
94.142
99.0275
94.8276
103.248
96.4089
99.9867
96.9979
100.113
97.0582
99.2106
92.6116
98.1019
93.7061
96.3905
92.0435
92.8839
89.9211
92.6062
91.9139
89.1627
86.0228
88.3314
85.0047
89.1529
85.3407
89.6772
87.3216
91.2911
89.2637
90.6574
87.401
86.2781
84.8399
85.465
85.9607
84.8885
84.9037
88.2809
84.8857
86.6158
84.5304
86.821
89.0451
87.4354
87.7889
90.1185
90.0929
88.8192
89.151
91.2786
88.1212
89.491
85.6404
88.1499
86.2295
87.4852
86.2311
86.0859
86.2032
84.8241
84.0545
85.3151
83.9628
84.912
86.3568
84.6048
86.0126
83.6221
83.111
82.5287
84.1503
83.0882
82.0952
83.6788
81.5748
82.6505
79.9388
81.8299
80.0675
82.3051
80.4305
82.0661
79.0447
80.5951
79.1589
81.5818
80.7307
80.7864
81.1617
79.2695
81.2842
80.509
79.6909
82.4789
80.1185
84.2546
80.2202
82.0733
81.0107
82.8541
80.5253
81.4969
81.0486
82.0994
80.3
81.8629
80.9721
84.1178
79.7333
82.4606
82.4277
80.72
79.9213
81.0095
80.4038
81.5639
80.7293
81.2876
79.7182
79.3456
78.0349
79.9183
79.629
79.4571
81.5643
78.3393
78.9514
77.9488
80.738
81.4382
79.8718
79.9421
80.189
79.7135
78.7629
79.8888
80.5271
81.108
79.7745
79.6882
78.0936
79.7885
78.2364
78.3381
78.017
78.1222
79.5492
78.3812
77.916
79.579
77.8964
79.6467
77.5099
77.8955
77.2339
78.7401
76.5404
78.2008
78.1233
78.2437
76.7985
78.1329
76.8936
78.9716
77.5979
79.108
78.9083
80.8578
76.9348
77.3128
77.6777
78.4256
76.6069
77.0244
75.8162
76.923
77.2504
77.9523
76.1378
77.4154
77.1357
78.6041
77.286
75.9141
78.1257
77.7845
76.629
76.2083
76.596
77.5204
76.8134
76.7168
76.1869
78.1582
75.0577
76.8834
75.647
76.4869
75.0486
73.32
73.27
70.6195
70.5062
71.6328
71.6849
67.1669
62.8401
64.1299
63.4338
65.4031
63.5599
61.3751
61.4005
63.5823
60.703
59.098
59.939
58.8222
58.0154
58.7591
57.9388
59.4745
58.7401
59.0081
57.0745
56.8115
56.7808
55.5145
54.8352
55.1445
54.4028
53.5434
53.3328
53.4964
53.3212
52.2795
52.4159
51.9977
52.8294
52.4754
53.2807
52.7724
53.4277
53.62
54.2334
53.9372
53.6311
53.9739
54.1475
54.9681
55.6493
54.5716
56.0868
55.1797
55.592
56.9588
55.875
56.4131
58.1071
59.4768
58.886
57.1192
57.8276
58.1697
57.3461
56.1827
57.7007
58.6053
58.141
58.5052
58.1808
59.0233
58.6681
59.01
59.4212
60.219
60.7745
59.8243
59.8473
61.0458
60.4294
60.3277
60.5113
57.738
58.5955
58.1622
58.6116
58.3051
58.4813
60.8438
59.9663
59.0247
59.7808
60.3323
59.7377
58.6523
60.4252
60.303
59.7987
59.4326
57.6498
59.6786
58.8206
59.8813
59.3177
58.9984
59.6016
59.0789
59.2357
58.8315
59.4829
58.6656
58.2653
59.5415
60.1373
58.8113
58.0337
60.0414
59.0168
59.31
59.0703
59.1145
59.0028
58.9395
57.8192
58.7331
58.2046
58.0563
58.8418
58.7759
58.663
58.6744
57.8797
58.1617
58.2327
58.3123
57.8999
58.2651
57.5087
58.0144
57.9383
58.2178
57.9376
58.9909
59.0859
59.4464
59.0126
58.7857
58.5553
58.5229
60.0419
59.232
59.7317
59.5048
59.9379
59.9635
60.5783
61.4831
61.4941
61.2832
62.0626
61.0617
61.4887
61.5986
61.986
61.9509
62.0119
61.3284
61.963
61.9462
61.822
62.199
62.7307
61.855
62.8571
63.1313
62.3377
63.0291
62.4976
62.4368
62.5937
62.757
63.0198
62.8008
62.8227
63.8557
63.7912
63.5069
64.1643
63.6926
63.5937
63.0175
63.3731
63.171
64.5981
62.3765
62.3675
62.7878
61.9113
62.1589
62.0963
62.4964
63.1932
64.1785
63.8774
64.4277
64.1089
63.7596
63.9646
64.3337
63.839
63.8895
66.7489
66.2495
67.0645
66.0803
66.4042
64.8096
66.576
66.2658
66.7121
66.784
66.2348
66.2362
66.9639
68.104
68.1208
65.7791
64.845
64.4561
64.4496
65.465
65.5904
65.4187
65.299
65.6044
68.518
67.1741
68.0154
67.5432
67.5678
67.4259
68.5387
69.6805
69.9462
68.7165
68.0566
67.6688
67.9523
68.9942
70.0465
69.5706
69.0891
69.4715
69.5967
70.3367
70.1906
70.5001
71.4447
71.0272
71.5127
73.1666
74.2618
74.8806
75.3356
74.9756
74.5727
76.0842
74.3875
75.9155
74.9711
74.6942
74.889
74.9211
74.3091
75.0051
74.2101
73.5099
73.6418
75.1082
75.0945
74.2697
75.2032
74.0156
73.9518
74.1443
75.2311
72.8017
73.0787
73.4426
75.4296
74.6516
74.0156
75.741
75.9141
76.7186
77.7275
76.8646
77.4971
78.3949
79.4659
77.2718
78.7224
77.2551
80.9407
81.2111
80.7617
82.8445
81.6598
81.2074
81.2576
82.5336
81.579
82.4857
82.7342
84.1629
86.1185
84.7333
85.0933
85.3747
91.266
96.9781
108.983
120.807
115.97
118.758
121.403
125.652
62.2879
109.01
113.474
113.258
120.839
121.292
123.902
123.35
120.344
116.015
118.092
115.705
120.369
116.119
113.599
110.983
112.252
109.702
112.833
113.033
110.055
112.405
112.206
112.537
112.43
106.688
106.509
107.7
102.386
108.482
103.265
107.188
107.278
106.673
103.581
106.515
106.264
100.891
102.523
104.122
100.477
101.744
101.233
101.957
100.315
100.831
101.144
102.751
99.4538
99.7505
98.4831
100.65
98.9728
97.4875
97.2267
99.3891
96.3419
98.2625
99.2099
101.343
95.3488
98.3381
96.9618
98.0598
89.253
94.963
94.6155
96.9372
89.522
92.5304
89.3477
92.3523
86.8124
90.0803
87.4268
89.546
85.5937
91.6581
86.6626
91.1531
87.5993
90.3845
85.7179
91.667
85.9507
88.9593
85.3319
90.0121
84.266
89.353
87.582
90.8797
88.364
89.5259
88.1948
91.337
88.8462
90.2478
86.0626
86.0919
84.8874
88.0547
85.1194
87.3987
83.32
87.3153
85.3854
87.3689
82.4706
88.9016
85.2383
89.7317
83.6795
88.6446
82.5427
86.7424
84.4773
87.5983
81.8145
87.9165
80.8906
84.3973
80.3863
86.3651
81.5518
86.0849
80.1022
83.8392
76.791
82.4387
77.1117
82.4436
78.0968
82.2995
79.8871
82.7226
80.2639
80.1161
79.5059
83.027
79.3228
82.0421
78.4229
84.2672
78.4229
82.2148
79.8357
81.5548
78.9255
80.9176
77.9144
82.4145
77.4608
81.1359
79.1394
82.2932
79.4936
80.5125
79.4808
82.4592
78.6602
80.6865
77.1145
82.35
77.7584
80.976
77.3
80.5588
75.6307
78.3354
75.5811
78.4338
75.8113
77.455
76.0556
78.5038
77.1664
78.2406
74.8115
76.5506
75.1094
77.175
78.3672
77.9958
77.4994
79.1406
77.6488
78.8369
77.6646
79.8895
77.6486
82.1385
79.4603
80.2292
79.1999
80.643
78.872
81.785
78.6916
83.3056
78.9293
79.2974
79.141
79.4941
78.623
83.1308
79.8587
80.8068
79.3181
81.124
79.5536
80.7596
79.9383
81.7794
79.5215
80.8673
80.5057
82.3281
81.4445
82.7268
80.3046
83.3018
81.9279
84.4599
81.3193
81.5979
79.8034
75.3824
78.1038
77.427
75.4666
76.6702
75.1943
77.5488
75.5934
77.8285
73.8194
76.3405
77.1818
77.1119
77.8096
79.6388
78.0703
79.2672
78.2862
77.1885
79.8269
77.8839
78.0244
78.7489
77.8422
77.6749
76.2502
71.754
71.7352
72.4166
71.5657
68.145
67.7449
67.9062
68.3319
66.7626
67.8427
66.5255
64.0677
63.1918
63.0179
59.6677
58.3744
59.4601
58.3086
60.094
57.5455
58.8096
58.387
61.4475
60.7186
60.3721
58.6402
60.2323
58.5527
61.2725
59.1594
58.7754
59.0919
58.1403
59.2418
58.4142
59.1077
56.7179
56.3526
56.4177
57.1669
56.1548
54.8573
53.9334
54.1303
53.93
52.6444
52.6658
52.9865
52.9653
53.1543
53.6491
53.313
52.8101
52.966
52.8746
55.5164
54.6265
55.4994
54.8229
55.4936
54.2478
54.1122
53.8636
54.3782
55.5106
56.1024
58.4261
57.9714
58.4808
58.0037
60.5055
59.0694
58.8876
58.9325
60.2125
59.6735
59.7589
60.4408
61.7096
62.0009
62.1822
61.9488
60.0279
60.8022
59.9583
61.2253
61.2679
60.4885
60.3302
59.222
59.8718
59.6593
59.5432
58.4054
59.7912
59.7617
58.6637
58.788
58.7026
59.0524
58.5211
58.4722
59.4263
60.219
60.7019
61.2171
60.8778
60.6032
61.3514
61.8559
61.4336
62.8027
62.4187
63.3609
62.8115
62.637
63.4375
63.5874
62.8876
63.2588
62.8124
63.1077
62.7331
62.5464
61.9807
62.0626
62.1392
62.0498
61.8411
61.3665
62.872
61.5425
61.6858
61.5746
61.2586
60.9109
61.142
61.4834
59.9546
59.6949
59.1908
59.4229
59.3698
59.3079
60.2953
60.1129
59.829
60.0519
60.0084
59.5502
59.1806
58.7414
60.1589
59.4631
59.5136
59.2374
59.0998
59.8776
59.8273
59.8911
60.2725
60.6009
59.8294
60.6374
60.8929
60.9518
60.0386
60.623
60.5981
60.6221
61.5704
62.2183
62.3186
62.7377
62.4971
61.9267
62.3151
62.07
62.7663
61.7517
61.5285
61.138
62.6244
63.7575
63.1645
62.6979
62.3351
63.7331
65.2404
65.0922
65.2972
65.0256
63.3635
64.3167
64.2774
64.4461
65.849
64.7331
65.2306
65.2264
64.8678
65.2171
65.3817
65.1641
65.5453
64.913
65.0403
65.7475
67.4566
66.9695
67.6267
67.7165
68.2204
67.344
67.0652
69.5332
68.6023
69.1913
69.9486
70.9451
70.0461
68.9602
69.6437
69.8527
69.3996
69.4985
70.4692
70.1468
69.5045
70.9597
70.657
70.4275
69.3714
69.6784
69.6907
69.7361
69.4652
69.5981
70.4205
70.0868
70.3889
70.5653
70.0489
69.6418
71.182
71.1811
71.2176
70.9628
71.1631
70.1964
71.4971
71.5106
70.876
71.0531
71.1047
71.6837
69.8634
70.5378
70.8059
70.0533
70.2222
70.9616
71.969
72.2974
72.7473
72.3579
72.6488
72.9665
73.6416
73.6121
73.6814
73.3882
73.7724
71.9863
72.6802
72.0582
72.8262
73.529
73.3717
72.2783
71.9428
71.4687
73.2951
75.061
74.8746
74.5941
75.8262
77.427
76.9702
77.1196
77.3235
77.0147
76.6549
77.3472
77.0454
76.1603
76.4464
77.0961
77.9397
78.828
79.2644
80.1161
78.2604
77.6965
77.602
77.4866
77.464
76.6477
77.6709
78.0703
77.1899
76.9011
78.6667
79.3863
81.6079
81.3635
82.1736
81.8227
82.9656
82.2797
82.3584
85.5848
85.3835
86.5709
88.6958
92.4494
93.5478
62.0405
110.449
111.87
117.097
116.73
126.12
128.368
121.007
123.672
116.32
121.131
117.808
122.287
113.295
118.057
113.341
111.557
108.927
110.818
111.332
113.517
113.6
111.361
113.836
111.311
107.769
105.707
110.055
102.494
106.951
100.441
106.863
107.434
107.441
103.301
107.522
104.632
107.25
103.769
104.218
104.626
104.888
100.521
102.385
103.64
103.166
98.9428
100.32
98.9034
101.881
97.5513
103.181
96.4054
98.3335
91.1596
96.3016
94.4908
98.4924
92.8134
101.362
96.8604
100.121
94.5806
99.2967
93.9984
95.5823
93.2902
95.7719
92.8578
97.7044
91.0375
94.8418
89.1946
94.7982
87.5099
91.8934
88.2762
90.8324
86.5879
93.2185
85.6467
93.1818
88.7917
92.0354
88.2132
92.3668
86.4317
87.3118
85.4301
88.8189
86.502
88.0133
87.3025
88.5392
84.1932
87.7179
83.6889
87.4478
85.3146
85.8138
85.1873
88.3921
84.472
86.6158
85.5599
86.3912
87.3156
91.128
82.1199
89.7259
87.3696
90.4629
86.7491
86.246
87.2716
92.1641
88.1285
91.7852
87.8485
92.8448
83.5257
90.3931
87.7077
88.4827
82.9083
89.3388
85.064
87.6207
81.2718
88.3966
82.4135
85.5709
82.2797
84.9572
81.3044
85.1073
81.6954
84.2392
81.5848
83.8957
80.8485
82.1801
81.9972
82.2548
80.9274
85.0859
83.6297
84.5031
80.8057
87.2041
84.5709
81.9169
81.6937
83.1915
83.1417
81.2483
81.0591
81.5623
83.0507
81.5816
80.3854
81.5415
79.3149
80.4908
77.9409
81.9677
80.0021
80.8115
78.6495
80.4394
81.2811
80.1582
79.1829
80.9158
82.111
79.9358
79.4801
81.044
82.061
82.889
80.8185
83.3305
82.7394
80.657
78.8115
81.2942
82.2497
81.4615
80.2504
82.3563
82.6863
82.1061
80.1201
85.3509
80.003
81.3209
79.6505
79.5981
79.6916
79.8678
80.0368
83.427
79.6032
81.68
79.9977
82.3865
80.8785
82.6728
81.569
84.3924
81.6563
84.5483
83.0175
81.8722
81.1236
82.5485
82.5506
83.1562
81.0763
82.3868
82.1599
85.6819
80.273
85.977
80.5816
85.5206
80.0337
85.6302
83.6712
83.96
79.1715
82.9909
83.8227
84.4042
82.8157
84.9909
81.7659
84.0842
81.2043
83.8578
82.95
83.02
81.1999
81.6472
80.8997
79.8013
79.8978
78.71
77.7915
78.8569
78.0908
77.3367
73.9248
71.5676
72.5325
72.9346
70.9002
69.2548
65.7121
62.8964
65.249
66.114
62.9037
63.9474
62.748
66.1813
63.7591
61.0054
60.3021
59.2078
60.3921
56.7114
60.4217
60.1741
58.0275
57.4945
59.5737
60.2309
58.6479
57.838
60.0524
59.5972
57.2976
58.4154
56.8287
57.4962
57.6174
57.7312
57.9514
56.6344
57.62
56.0815
55.6772
55.4394
56.0496
57.141
57.4594
57.1487
56.3419
56.32
55.9623
56.6402
56.5108
56.8725
56.5178
55.5609
55.8264
56.5548
55.0114
56.408
57.5574
56.9781
58.7631
57.0149
58.4403
58.381
59.3889
59.32
59.7463
59.8783
59.3833
59.0198
59.4222
58.6325
58.9458
58.6148
59.5502
59.8834
61.3719
59.3905
59.6484
59.909
58.8667
57.2441
58.1096
57.5578
56.8536
56.7931
57.4848
57.1054
57.0316
58.0019
58.1136
58.4366
55.7675
57.7538
57.6702
57.5543
57.3691
57.6432
58.9977
58.0863
58.9874
58.9891
59.3281
58.9907
59.2057
59.8082
61.8902
62.2672
60.9546
60.8315
61.0575
60.7131
61.1494
61.9023
60.4259
60.4543
60.0936
60.2483
60.8241
60.6425
60.9791
60.9793
60.8895
61.2455
60.5732
60.569
59.3954
60.6048
61.3693
60.0438
60.1666
60.3111
59.7438
59.9348
58.7968
59.7021
59.5888
60.6318
59.222
59.2946
59.5259
60.209
59.771
59.727
60.8015
58.9963
59.3461
60.3935
60.6276
60.1608
59.9462
58.7999
60.4231
59.8215
59.0465
59.9618
59.9155
61.1005
61.5846
61.9274
61.8499
61.9011
61.1012
61.455
61.6902
61.7787
62.2209
62.8883
62.5695
61.9195
62.7161
62.5111
61.5562
61.3633
61.2064
61.6158
61.7729
62.0049
62.1464
61.9169
61.3074
63.4252
62.9334
62.6512
63.0298
62.3235
62.5334
62.32
62.2725
63.1443
62.9102
62.1576
62.4003
61.9255
62.4785
63.623
63.5602
63.9784
65.0047
64.8811
66.3938
66.259
65.9618
65.919
64.8755
65.0929
65.1254
66.1878
66.3586
66.5774
66.9358
67.8224
67.1752
67.2669
67.2862
68.6519
67.3444
67.3226
66.5641
67.1285
67.0773
67.1254
67.1371
67.7282
68.5995
70.4145
71.1918
71.1692
71.6055
71.0351
70.4938
70.5152
70.7603
70.2306
70.4119
70.0647
71.7964
72.1766
72.3102
73.0328
72.7459
72.7987
72.5176
72.8143
72.2271
72.199
72.0254
72.4343
71.6972
71.3598
71.5785
71.347
71.8983
71.3284
71.7049
72.6949
73.2011
73.4284
72.6765
72.8217
72.3838
71.165
72.8078
72.3782
72.7973
73.229
72.8639
75.5583
74.8287
74.9784
74.5292
75.1224
75.8134
75.7878
77.3793
77.2667
76.1329
76.4966
77.3651
77.4515
77.1599
77.0598
76.5511
76.5273
76.2872
76.3558
76.1662
76.2195
78.3596
78.5213
78.0668
79.1641
79.1766
79.9272
79.7494
79.6998
79.8846
80.8187
82.8911
83.427
83.2527
83.6139
83.3209
83.0787
81.8508
82.4398
83.562
82.6253
82.5499
83.8127
82.6107
83.306
81.7401
80.3344
82.0582
85.5937
87.044
89.5578
61.4589
109.6
112.401
116.443
122.033
122.731
129.623
123.674
123.609
119.319
119.553
117.56
123.113
114.686
118.272
112.855
113.961
108.85
111.113
114.437
116.061
115.628
112.781
114.785
114.746
112.996
107.131
109.545
103.533
109.869
104.154
108.966
107.447
106.16
107.411
106.249
104.274
104.144
103.461
101.945
103.458
100.817
102.117
106.101
101.329
102.91
97.5844
100.845
98.1759
103.965
99.8483
103.678
97.2611
101.29
96.9041
102.283
97.9069
101.05
96.4713
99.812
96.2904
99.5525
93.3831
96.5944
93.3477
95.4801
90.2088
96.9088
88.8594
94.3072
87.3493
93.9742
88.1459
93.8448
88.0831
93.4019
90.3519
90.6958
85.0114
91.7989
88.0356
89.7652
86.7626
91.7282
87.9697
93.2688
88.7698
93.875
87.6281
91.3498
89.6225
91.5744
87.0147
89.7028
88.731
91.4433
89.4031
89.6965
87.5602
91.6884
84.5888
90.7812
84.0817
88.7785
86.5392
91.4101
84.5348
90.4345
88.8431
89.3356
86.5702
88.6358
86.0838
88.0626
85.5937
89.0156
84.9535
88.5792
84.8308
88.9472
84.5038
86.6281
83.4249
87.1406
83.4515
88.2718
81.1613
88.435
85.6486
89.9888
84.0286
87.4322
83.1126
85.7775
83.5604
87.0577
79.2637
84.7733
82.4559
83.6651
80.2646
82.4913
80.6814
85.0763
80.0917
81.1683
79.9579
81.8557
79.0514
83.1161
79.1164
84.7901
80.2471
82.414
81.4943
84.2669
80.7096
82.5197
80.2835
83.2523
79.7659
83.1862
79.1918
86.1627
80.2751
83.9472
81.8331
85.6367
80.3605
82.8057
79.4608
83.515
80.367
80.5939
78.2097
80.9933
78.6686
80.5618
78.0354
83.7659
79.0949
81.4757
79.0682
82.6442
77.9867
78.8155
79.0149
80.0845
78.2218
79.3998
79.9458
81.3633
78.6235
79.8941
81.7054
83.7396
81.0228
81.1015
81.0724
80.9558
78.8199
79.4957
78.1594
81.7093
78.4289
82.7971
80.1939
80.8997
80.4047
80.8566
80.5706
81.6637
80.4703
82.1494
79.3942
83.3584
80.2842
80.6404
79.9658
82.9565
80.9139
83.014
80.5246
82.4322
82.4038
83.4226
80.2911
83.6914
82.6495
82.8762
81.1098
83.8874
79.3998
78.976
79.1434
81.1797
77.9216
81.0845
75.492
80.414
76.6137
78.8511
75.9488
80.7987
75.1196
79.2567
74.8687
79.427
75.6004
78.0845
76.0396
73.6828
74.2748
71.9153
69.4985
71.582
71.8676
69.6409
64.2909
65.5899
65.7319
65.2157
65.5592
64.2274
64.4803
63.4976
62.6956
62.7654
60.825
58.5581
60.5583
61.0284
60.5225
61.569
59.5618
57.3714
59.1901
57.0449
57.0472
57.6702
57.7533
56.8727
59.8152
58.3935
58.4624
59.9811
60.5632
59.9225
61.6321
61.4277
60.7447
60.7899
60.2178
61.0493
59.8464
59.5038
60.0961
59.9642
59.4478
58.6425
57.2958
57.5827
57.0365
57.2795
57.1108
57.8576
57.0303
57.7736
58.8096
58.0514
58.5755
60.1913
59.9325
59.3537
59.3619
59.802
58.9823
59.3347
60.2134
59.0228
58.6532
58.6544
58.5695
59.1485
60.9409
60.0775
61.7391
60.518
61.3945
61.7517
62.2471
62.5669
61.1452
61.6011
61.7815
60.9607
60.7791
61.7403
60.0973
59.3102
58.6882
58.7636
58.9421
57.252
57.0016
56.2169
56.0887
57.0016
58.3621
59.115
59.7186
59.6207
60.1247
59.4557
60.0738
60.0754
59.1299
59.4603
59.5038
58.9332
59.7731
60.0994
59.5667
59.2758
58.8955
59.081
58.2036
59.8043
59.9839
59.4782
60.0882
59.2106
59.0952
58.566
60.6065
59.6972
60.2448
59.5625
59.3817
58.8336
61.2781
62.364
61.2162
61.4305
61.2343
61.9162
60.5795
61.3635
60.7473
60.3707
60.8208
60.3484
59.4722
60.9109
60.6653
61.5262
60.8329
61.3516
61.7142
61.4105
61.3267
61.7596
60.8131
60.8329
60.7279
62.0966
61.3295
62.2385
63.7952
64.2001
64.3088
63.8704
63.4752
63.5508
63.9937
63.5506
63.7117
62.7165
61.7766
61.7277
62.1973
61.502
62.9972
61.1925
61.307
61.077
60.7892
61.2986
61.2383
60.5941
60.283
60.148
60.1217
60.5304
59.8606
60.3575
60.2099
61.5781
60.674
59.4987
59.6304
59.795
59.7
59.3987
59.9337
61.6453
61.0037
60.1075
60.6337
59.8057
60.243
61.1122
61.9071
63.0966
63.899
64.0822
63.4312
64.0417
65.4161
65.1145
64.7033
64.9476
65.9458
65.9469
65.7142
65.3558
65.4824
65.3151
66.0284
63.7191
64.0666
65.0614
64.3405
65.1564
66.4862
65.9697
66.1317
66.1769
65.4084
64.0905
64.4517
64.5241
65.5462
65.3949
65.9439
65.1818
65.5718
65.7431
65.8797
65.701
65.3654
65.3744
65.64
66.0105
66.343
66.0766
65.9051
64.7666
64.788
65.1638
66.3037
66.4633
68.1971
68.1103
68.4415
68.0624
67.7028
67.525
67.4703
68.0237
67.9895
70.4238
69.9714
70.132
69.4817
69.3982
70.6467
70.6472
71.8485
71.5038
70.2537
70.3777
70.1964
70.363
70.1983
71.437
71.6516
71.3765
71.6193
71.4003
72.6584
71.7172
72.078
71.8313
71.0545
70.1724
70.0598
71.0344
71.4387
73.2397
73.2057
72.8925
74.5339
74.471
75.0328
75.4166
74.2842
76.9528
77.9677
77.417
77.3768
76.0922
76.7273
75.5611
76.5862
77.1538
77.3002
77.3433
76.1557
75.6972
76.5334
76.5488
76.573
76.1126
78.5318
78.4054
79.7845
78.0852
78.5092
79.8671
81.2767
79.8923
80.0614
79.3468
79.384
80.626
82.3554
83.1091
83.5038
82.5846
85.0314
86.1294
85.5483
85.2734
86.3689
86.8576
85.4142
84.8166
84.9958
86.1866
88.6125
89.8345
90.6879
90.8127
90.3195
88.8611
88.5485
91.7298
92.7508
93.2672
95.6902
97.4038
105.253
112.722
115.722
119.246
119.982
122.35
124.218
121.075
62.9849
107.954
112.663
119.707
116.639
127.307
124.76
116.917
118.867
114.758
117.876
114.62
117.84
114.671
114.767
112.688
111.007
105.436
109.07
112.545
110.467
112.481
110.333
112.782
110.33
108.886
108.038
106.503
101.405
106.945
100.843
106.449
101.037
106.699
106.993
107.821
106.942
103.715
104.279
102.91
102.893
101.929
101.888
104.42
100.68
105.339
98.2355
105.62
98.3679
106.414
100.428
107.893
99.2104
105.955
100.904
106.978
99.9986
104.221
102.108
104.667
96.1406
102.011
95.7349
100.594
94.3735
101.891
94.7228
102.473
92.72
98.9165
91.1569
95.0463
91.7587
95.2039
93.6309
96.0019
93.5595
95.8476
90.7887
92.5767
89.4182
95.3349
89.7659
92.3335
91.6944
96.2544
91.9707
91.8162
90.6514
96.0645
89.9979
93.8792
94.0696
96.4035
92.7226
94.9372
91.5783
94.0214
93.0007
94.1585
89.9723
91.2195
86.7757
92.2565
88.2583
92.114
88.4131
88.1992
86.8639
93.963
85.3472
84.7596
87.7654
91.7063
85.6695
85.7647
84.215
90.7198
85.0193
86.8008
84.2737
92.5948
85.3675
87.4603
86.8625
91.1499
86.6628
84.64
83.8168
88.9097
84.9453
86.0314
83.7505
86.306
84.327
84.438
85.0733
87.0463
83.545
83.916
83.7978
85.4061
83.1527
85.3063
82.9981
83.5348
82.4631
82.6854
81.8878
83.0135
82.0977
84.3621
80.6069
85.8485
81.4059
85.802
82.3195
84.7026
83.8753
84.2078
82.074
85.35
83.7959
86.653
83.0943
84.2404
85.9523
86.6356
82.8662
89.1441
86.0947
87.5467
84.6295
88.7715
86.2981
86.6351
82.5767
87.2697
84.2909
85.6139
83.8394
85.0936
81.6484
82.2939
81.3407
83.1443
80.9067
82.6367
82.7892
84.1857
84.6258
83.3847
81.8248
82.3214
81.5255
81.6577
81.3395
80.2446
79.7999
80.8106
79.5101
83.4654
78.4882
79.8364
80.04
83.1517
79.3593
84.0659
78.6193
81.4287
80.9027
81.8992
78.9281
80.5471
79.1047
82.6034
78.4247
81.95
77.6069
82.9302
78.3223
82.1415
80.5534
81.98
78.8294
80.2029
78.162
79.0687
78.3679
79.3319
80.0102
81.3088
77.4485
79.2039
77.4087
79.7822
78.0098
82.114
78.39
80.9651
78.62
80.3805
78.36
78.707
78.5397
78.5469
78.3912
77.1352
78.1287
80.1322
77.414
76.5734
74.9479
72.4373
71.8378
72.2579
70.9704
70.3742
68.5618
69.5343
68.7163
68.3091
66.8387
64.7552
64.172
62.4857
60.8967
64.8171
62.4212
62.6293
62.9686
62.482
61.9141
60.5206
60.6742
60.8601
60.2027
58.0214
58.7696
57.0966
55.3886
56.771
58.5767
58.7719
60.1697
58.3563
56.6912
57.8238
57.2406
56.5069
57.8143
57.3139
57.7033
57.3235
56.0361
56.7305
56.5234
57.451
56.7547
56.3507
53.9814
56.2185
54.9483
55.1778
54.7291
54.4247
54.5059
53.6121
53.977
56.8178
55.4426
55.6947
54.8967
56.1259
56.701
55.657
55.7147
56.804
55.6498
56.8781
56.536
59.7826
59.3437
58.754
59.9958
58.2118
58.7131
58.9451
57.731
59.0868
56.8767
57.9206
57.6805
56.424
56.2737
59.2546
58.9451
57.5024
58.4352
57.7754
58.2567
58.0805
57.8178
57.7808
58.0475
58.0812
57.9097
57.0873
57.3002
58.2895
58.0614
58.3609
57.7803
57.6237
58.3623
58.6891
58.3672
58.4145
58.1466
58.9807
58.9318
57.5422
57.8927
57.8036
58.0933
57.2921
58.6837
58.5264
58.1231
59.9544
59.8888
60.538
59.4417
59.9146
59.3165
58.7708
59.0482
60.0996
59.4873
59.2355
59.2667
58.1603
59.2062
58.6833
59.212
58.8683
59.6079
59.5879
59.0561
59.8792
61.1231
61.7256
61.4608
60.5581
59.6781
60.9867
60.0663
59.6223
60.8427
61.2618
61.0114
61.3975
60.6209
60.7885
60.6363
59.8597
60.3202
60.4862
60.2618
60.9877
60.3589
60.8897
61.1825
62.0605
62.3226
60.9881
60.8313
60.9144
60.6926
60.9404
60.539
61.2509
62.074
61.4161
62.1366
61.9002
61.4908
61.7929
61.6304
60.9809
60.0477
61.2721
61.2599
61.3912
62.0384
61.9583
62.6865
62.0489
62.1033
62.1313
62.2902
62.3426
62.8995
62.7042
61.8885
63.1008
62.9616
63.4466
63.6013
64.4121
64.6986
64.9011
64.2995
64.7247
64.8117
64.1292
64.4643
63.9579
64.6493
65.5718
66.1077
66.0107
67.0663
67.2904
66.1934
67.8276
68.0645
69.6516
69.027
68.2141
69.1522
68.8739
69.0058
68.1201
69.1494
69.6516
70.0326
70.4384
70.4761
69.6991
69.9057
67.8401
69.2844
68.508
68.07
68.0463
68.8087
68.0077
67.647
67.3067
67.141
69.5401
68.8271
68.6765
69.2083
70.0093
71.391
69.5322
71.8753
71.1036
70.6067
71.0323
70.7889
69.8781
69.6144
69.3365
69.296
68.9451
69.8061
69.7529
69.505
69.7189
70.8569
70.9653
71.0805
70.2136
69.9562
70.0666
70.1524
71.7959
72.044
72.5993
73.5192
73.2895
74.0645
74.5983
73.8978
72.7894
73.1096
73.7086
73.3125
74.9178
74.5767
77.2974
76.9535
75.5734
75.3153
76.3402
76.8201
76.7121
77.508
77.4003
77.0815
75.9467
76.8615
76.6968
76.6835
76.7044
75.7275
75.0021
74.7961
74.7396
75.4552
75.9686
76.2783
75.8003
76.1825
75.7947
76.0945
76.8927
77.7487
78.0412
78.0344
79.2651
79.8718
81.1012
81.171
81.5266
80.9802
80.829
82.031
82.0549
82.3614
82.1585
82.0293
81.8155
81.5913
82.593
83.4294
82.9369
84.2846
85.4473
85.0216
85.1873
85.2509
85.9027
85.0421
84.0079
87.098
86.8916
89.522
90.9709
93.1704
94.9185
94.1327
99.919
100.095
104.825
108.614
108.733
61.7778
107.1
114.781
117.485
117.31
121.983
125.54
123.522
122.212
120.111
122.818
115.964
119.557
115.655
114.544
112.794
111.55
108.944
112.03
114.469
112.71
112.745
115.717
116.873
110.488
110.003
107.707
107.468
103.545
108.37
105.211
108.761
106.503
108.921
105.185
109.621
103.002
105.862
102.074
104.636
97.3726
103.758
99.1515
102.597
98.239
99.5944
102.094
104.219
99.0428
102
96.0112
101.997
97.8003
101.445
98.2567
104.222
95.5387
100.234
95.441
99.7226
95.1459
95.8473
93.4801
96.9579
91.6835
92.4571
91.4377
91.7894
88.5595
93.1285
85.6488
89.1615
85.8757
91.6048
85.461
90.1657
84.8466
91.0842
86.293
90.8203
86.5273
91.0365
85.7584
89.9537
85.9702
89.5313
88.4613
88.2588
88.6074
87.9048
86.849
88.2714
87.7024
87.4913
86.6404
89.8271
86.4254
90.8401
86.1036
91.0645
88.9202
90.9532
89.6446
88.9316
87.182
88.5357
86.9919
84.3274
85.0007
87.5569
86.5702
85.3861
83.3954
89.9462
86.5993
86.3991
85.8068
86.0938
84.2458
82.1706
83.0898
84.3889
82.7349
82.4547
81.8278
85.1638
82.6593
81.1743
80.162
83.2236
81.6614
81.8564
80.8192
80.7815
80.9742
80.5585
78.9165
79.6563
77.6013
79.3191
77.3549
79.9995
78.8227
83.4249
81.4545
80.9095
79.3798
79.3607
80.5413
79.3721
79.6851
80.033
79.2192
81.1752
80.4429
81.9246
82.5292
85.2709
81.8992
84.1278
81.8648
81.3195
81.6772
81.5253
80.3977
80.6737
80.2106
81.2737
79.936
81.8157
80.7959
81.6318
82.1329
83.2576
81.3924
81.6742
80.6048
80.4352
79.6761
80.0165
79.3014
79.7854
77.0379
77.499
78.9846
76.5583
77.1408
79.912
78.2499
78.5855
77.9286
76.7778
79.721
77.0275
79.9856
80.1043
78.64
78.8988
79.1038
78.8511
77.0938
80.6034
77.9984
79.4096
79.1473
78.3223
79.5178
79.6041
78.5758
80.1873
78.6051
79.5253
79.8725
81.8294
80.2837
81.5006
78.9579
79.3845
79.8902
80.4689
77.8017
77.4377
76.0456
77.1057
76.3949
75.3542
75.8862
75.4131
75.2471
75.9044
75.2416
76.7361
75.3216
76.5255
76.7708
75.936
75.903
76.9593
75.4987
75.7947
76.7631
76.5441
77.2232
75.3093
77.0023
75.7331
76.444
76.1471
75.9281
76.2034
76.3447
75.3481
74.0261
70.37
71.3488
71.8871
72.7435
68.0579
63.475
62.5229
62.1061
64.0019
62.6356
63.6858
61.0303
60.8636
59.5041
60.3945
58.5488
59.5024
58.6477
58.5778
57.7396
57.3549
57.4859
57.8469
55.4189
53.9958
55.5895
56.5518
54.114
52.4464
52.929
52.398
51.5783
52.4443
52.0123
53.6872
51.4803
52.2395
52.1617
51.7131
51.2825
51.636
52.1313
53.3377
54.4042
55.5204
55.1538
55.9137
54.5751
53.7796
53.8788
52.7084
52.7091
53.4892
54.3207
54.4673
55.6937
54.7407
54.1208
54.461
54.4836
56.4019
54.7515
55.7289
53.7503
58.1154
56.6837
57.3444
57.8087
57.9623
57.2516
57.6279
57.239
57.4149
58.0368
57.3493
57.6551
57.97
58.2865
57.8234
56.9525
57.3966
57.9814
57.6572
57.949
56.6744
56.3814
56.371
56.0514
55.7619
57.2022
55.9167
55.0577
56.8024
56.3975
56.2122
56.3817
57.7184
57.6009
58.4792
57.6288
56.9791
57.3461
57.5976
58.1403
57.5499
57.3179
57.5597
57.0805
57.7726
57.5243
55.6902
56.788
57.0703
56.7787
56.6488
57.3621
57.0903
57.4978
56.3128
56.2006
57.4047
56.37
56.0724
57.7591
57.4573
58.2758
58.1743
57.7061
57.3063
57.2267
57.5904
56.9858
56.8541
57.2069
56.986
57.3747
56.5346
57.3556
57.3554
56.8576
56.9202
56.7682
56.7687
56.1603
58.4128
59.0963
59.3668
58.3284
58.616
58.602
58.8113
58.2797
58.9332
60.8338
59.7256
59.8815
59.4761
59.9788
59.775
59.2762
59.5157
61.5164
59.7193
60.0796
61.6183
61.7661
62.1387
61.8957
62.0775
62.849
62.1573
62.3717
62.8155
62.5218
59.2148
62.0049
61.8324
61.3856
61.6756
61.6118
61.2551
61.66
62.243
61.0175
62.7496
62.528
62.3898
62.6439
63.199
63.8885
62.6214
62.7871
62.3691
62.6635
62.4852
62.3798
62.0291
63.6474
62.977
63.6595
63.5653
62.8632
62.9888
63.775
62.9309
62.6067
62.4526
62.2222
62.9281
61.4091
61.7186
61.4529
62.8694
62.9791
61.6484
62.6088
63.1934
62.289
62.0433
61.1168
62.0081
62.6882
63.0144
63.6453
65.7249
66.876
68.1652
65.8406
67.1871
66.4375
67.9828
68.7291
68.0202
68.9511
69.4056
69.0054
68.5222
68.99
69.2858
68.5166
68.5201
69.6902
69.818
69.3849
69.9246
70.7764
70.767
70.6595
71.1145
70.6125
70.289
70.6144
71.7684
72.6716
72.2309
73.003
73.1848
74.3377
72.189
72.1773
72.0293
71.7924
72.2944
73.6851
75.1757
74.7698
73.8136
74.0684
72.8927
72.407
73.6025
73.5432
74.3228
74.2309
74.3647
72.6209
72.69
71.5143
71.7028
71.9158
71.2376
71.5976
72.5995
72.0794
72.4824
74.2104
73.6279
73.0682
73.9206
74.06
73.9774
74.0621
72.7694
73.711
73.5934
74.1804
74.747
75.6151
74.7072
75.1806
76.2867
75.1171
75.1424
75.2218
76.2274
75.3437
76.6893
76.9921
78.7556
80.7394
81.2646
80.6211
80.478
80.3195
81.6837
82.4745
83.3461
82.1706
81.6779
80.3756
81.2346
78.997
79.7286
80.922
81.9279
82.2825
82.2902
83.0852
82.0545
84.132
85.6228
84.66
83.4403
84.4252
88.8106
88.343
92.0435
94.9041
100.813
104.121
108.663
110.196
114.842
124.464
131.795
143.145
148.816
62.2879
109.05
113.722
112.439
120.148
123.396
123.906
122.554
120.925
117.36
117.697
115.118
119.463
115.348
116.621
112.998
112.61
109.387
113.443
112.315
110.247
113.919
114.046
112.708
114.234
109.782
107.22
108.739
107.879
109.051
102.475
108.115
105.879
108.448
106.95
109.921
104.161
105.828
104.583
107.357
101.639
101.143
100.142
100.959
102.422
101.463
98.4624
103.942
98.1564
102.117
98.2963
96.9825
97.4049
98.0074
98.2781
102.8
96.4398
98.7659
95.835
103.383
95.1185
99.4208
93.8203
100.133
94.7403
96.1743
90.2609
96.6751
89.4417
92.4464
88.7612
91.4322
87.1292
90.2737
87.7233
91.5951
86.9977
90.4831
88.562
90.932
86.6309
88.2828
85.2304
91.4482
86.1373
88.7463
87.4999
89.8287
86.4896
89.8815
87.6968
90.0542
89.1862
91.0454
87.5481
97.27
88.7247
91.6202
86.2064
93.3572
87.7224
91.7035
86.0419
90.6693
86.6204
88.5222
86.4249
88.4196
85.8604
86.8203
83.5353
89.0319
82.804
87.236
85.0917
87.2411
82.9432
85.3828
83.0479
86.6567
79.7138
85.977
80.9618
81.8857
80.334
83.9304
77.5876
81.1175
78.3798
82.4761
76.9474
83.3288
77.7482
82.8897
77.5499
81.7575
78.3609
82.6251
78.997
84.3931
80.5453
83.1543
81.0984
82.5646
82.1829
82.1259
79.4578
82.6267
79.2586
81.327
78.6509
83.987
78.2399
83.8196
79.784
82.5229
81.407
80.4098
80.4133
83.0379
81.0354
79.1166
76.7061
82.1829
77.5604
81.8632
76.3198
83.7319
78.5739
83.6456
78.9958
80.946
79.182
79.6449
77.6256
84.7908
81.5678
81.9912
78.4941
84.5781
78.9611
81.0172
78.7033
83.4752
81.2378
81.0561
79.3982
81.9453
79.9586
78.5923
79.1822
81.0668
79.7829
77.508
77.1445
80.5578
78.0061
80.0812
78.0517
82.9109
79.6009
78.4871
77.4259
78.2367
77.4473
78.1329
76.4256
79.2271
78.0775
77.195
78.2995
79.1594
77.027
77.9358
78.6002
78.5974
76.2674
79.5813
77.6446
79.9972
76.205
77.798
76.0142
79.3316
78.1627
76.8013
74.7505
80.8166
78.8573
76.7933
76.8608
78.1124
77.5927
75.7128
74.7684
74.9751
75.1813
74.6221
75.0924
77.313
75.2141
74.8243
73.1282
78.6002
75.7696
75.8329
75.7282
77.795
77.1361
74.5134
73.976
73.804
74.4643
69.9535
72.6107
72.8541
73.683
70.9311
68.0491
69.7515
67.6125
69.4294
69.3728
67.8948
64.9742
63.4005
60.9818
60.4575
60.6798
61.1108
60.7524
60.6176
61.0347
60.6144
60.242
59.5948
60.2744
57.9905
57.3421
57.2765
57.1855
55.7496
55.8155
57.3237
58.7405
60.647
58.802
57.3717
56.1713
58.8266
56.3856
55.6525
57.1708
56.2181
56.1185
56.0689
55.7293
54.1024
54.1461
51.865
54.1634
54.1364
53.5853
52.9949
53.3107
54.4222
54.2523
53.9274
54.5832
54.091
54.6397
54.683
55.825
55.2909
55.1461
54.5027
54.4266
55.9351
56.0272
55.5113
56.6065
55.7261
55.7912
55.0633
54.8748
56.3451
58.2632
58.93
57.0226
56.5206
55.0291
55.0775
55.2516
55.4992
55.0289
57.8657
56.9551
59.2551
60.4685
59.3998
59.6388
59.9742
59.465
57.7084
58.6181
58.9544
58.3691
58.451
59.3812
58.9716
57.7833
58.6439
60.5806
61.8871
62.3065
62.4976
62.1801
62.5152
62.6051
62.094
61.5737
61.0086
61.3191
61.2441
61.7847
61.7584
62.7047
63.0365
64.4736
64.748
64.6889
63.552
63.7266
63.5134
63.1953
63.4624
63.8508
62.9558
63.101
62.6244
62.1333
60.9716
62.0917
61.684
61.573
63.3104
61.663
62.3381
63.0477
63.2069
64.1624
63.6272
64.1145
62.3928
61.7978
63.8338
62.7421
62.5774
62.0847
62.3302
64.1308
62.9209
63.4966
64.1345
63.8629
63.4983
63.5848
63.8217
63.7824
63.7282
63.9551
63.1373
63.3947
63.0142
62.3668
62.461
62.4028
62.4291
63.3281
61.8301
60.576
61.3381
61.1003
60.235
60.5534
60.6107
60.5374
60.1424
60.2146
61.1729
60.7808
60.7577
62.2392
59.8513
60.579
60.7917
59.6549
59.9341
60.6325
60.8143
61.0233
61.084
62.3344
63.5827
64.3451
63.3468
63.0158
62.6891
62.7798
62.0768
62.5653
64.5636
64.8385
64.926
64.1655
64.5159
64.7489
63.9618
63.9842
64.4191
64.8508
66.6491
66.6118
67.1543
67.0831
67.3188
67.3663
68.0559
68.1941
67.9055
68.3724
68.3724
68.8557
68.9495
68.663
69.2506
69.8639
71.1645
70.7017
69.3807
68.664
68.2772
68.9588
69.2125
67.9267
67.9051
67.9737
67.9134
68.2299
67.424
67.9628
67.606
67.7971
67.9397
67.6879
68.4035
68.3449
69.1985
68.7812
68.831
68.9216
69.4
69.7899
69.3779
68.885
68.9232
69.1804
69.4659
69.5753
69.5408
70.1294
70.4478
70.4301
70.8431
70.8068
71.7608
71.2586
70.943
70.623
70.3093
71.0849
71.2025
70.4661
70.8164
69.5674
72.576
72.408
74.3153
73.1471
72.9926
72.7999
72.65
73.8101
74.565
75.179
75.4256
75.0074
76.2669
75.3372
75.353
74.8185
74.8601
74.5518
74.9688
76.3465
76.3351
75.428
75.1731
75.4717
74.9444
75.3305
75.0323
75.2876
75.1494
77.4764
77.3328
77.1168
78.5059
80.3628
80.1382
79.9844
79.674
79.5259
80.5287
80.0072
80.1587
80.0929
79.8208
79.9069
82.2276
81.5336
82.9795
82.6509
83.5792
85.4503
85.9348
85.6679
85.4745
84.3004
83.1876
86.1117
87.1203
88.6551
88.2732
88.3079
88.4794
89.9744
89.3167
89.108
89.2304
91.2437
88.4485
88.326
87.764
87.9884
89.7999
90.8294
90.8629
92.8066
92.9663
93.4941
95.4692
103.261
102.179
110.778
109.753
108.92
111.342
110.636
113.921
