255.785
411.178
384.249
394.862
379.695
416.868
367.961
375.029
372.426
405.006
375.794
394.688
391.156
407.732
391.141
390.461
387.236
408.353
389.539
395.04
385.174
390.717
380.427
383.493
384.875
379.105
378.478
376.247
383.509
375.601
376.873
373.896
374.751
368.618
358.804
369.539
366.938
366.73
362.643
372.603
360.613
356.298
358.798
368.441
355.573
355.222
352.302
363.853
352.907
350.419
348.774
360.842
349.779
347.708
346.51
354.522
345.532
346.07
338.399
349.656
346.331
339.204
339.226
342.49
340.768
339.089
333.477
347.095
338.727
336.037
326.726
343.326
333.576
335.357
322.382
340.968
325.026
329.04
320.37
340.559
320.475
330.986
317.058
339.601
315.75
320.474
313.929
329.38
316.816
317.991
309.615
326.781
314.542
318.574
312.809
323.289
312.18
316.663
306.584
323.118
309.716
314.355
304.722
316.249
304.719
311.067
299.031
313.983
302.574
308.489
297.663
308.601
299.533
306.852
294.357
309.521
296.576
304.754
292.049
310.738
294.826
302.102
289.138
303.952
291.626
299.266
288.691
300.303
293.227
298.775
285.244
298.604
289.27
298.225
285.655
298.19
285.906
295.19
281.623
295.305
283.272
289.234
281.629
292.852
280.763
289.589
279.404
288.966
278.575
285.853
276.295
291.727
278.301
284.518
277.944
286.32
277.97
284.357
274.221
283.475
277.084
284.871
274.559
282.598
276.055
281.308
273.563
280.918
271.665
278.893
267.883
281.19
273.126
277.712
267.648
280.197
274.307
275.593
266.396
278.54
270.359
275.854
266.243
277.74
270.358
273.506
265.072
277.879
266.606
271.911
266.595
274.263
269.291
273.639
261.515
274.974
266.458
271.041
259.855
275.13
264.984
269.873
260.121
270.994
263.963
270.659
260.578
272.535
264.952
268.06
260.353
271.508
263.273
268.673
260.328
267.625
260.721
265.958
260.99
269.46
260.499
265.142
259.102
268.508
261.274
265.042
258.286
266.695
259.146
264.989
257.74
266.781
258.873
263.262
258.123
265.892
257.166
263.071
256.412
264.094
256.875
264.044
256.305
262.039
255.348
261.612
257.174
263.104
254.604
260.564
257.941
253.877
237.939
214.065
219.922
233.649
229.997
215.182
200.515
199.529
205.331
198.852
191.321
185.825
181.481
179.144
173.582
165.226
167.286
167.222
164.193
162.939
156.953
159.212
156.303
154.425
159.402
153.317
151.751
151.948
151.468
147.759
148.454
146.682
148.35
146.86
146.374
145.719
145.052
143.777
143.278
143.474
144.112
142.59
142.047
140.856
144.32
144.127
142.892
144.567
147.774
143.492
140.539
140.345
143.404
141.973
141.172
138.772
140.965
141.739
139.075
138.33
139.534
138.143
138.903
139.51
137.378
135.46
137.343
136.803
137.934
136.903
137.376
138.495
138.604
136.746
136.67
137.191
137.333
136.106
135.835
136.709
136.923
134.99
134.949
136.069
134.053
132.471
131.667
132.362
132.382
131.421
132.816
133.145
132.411
132.084
130.769
131.756
132.461
133.652
134.396
134.079
131.344
133.939
135.316
134.237
131.612
131.248
133.526
132.41
131.104
130.854
131.257
130.37
130.478
129.422
133
134.181
132.177
131.064
131.771
130.908
131.544
130.834
132.469
132.209
130.568
129.962
129.834
130.795
130.473
130.979
130.21
131.203
130.697
132.614
133.5
134.458
136.459
134.933
133.805
132.953
132.088
131.329
133.187
132.359
131.515
132.091
130.647
130.619
131.449
132.288
132.249
132.638
131.33
130.449
131.871
133.316
134.056
134.415
131.336
131.734
131.504
131.7
131.821
132.003
134.278
133.515
132.619
134.331
133.007
132.426
134.175
134.666
133.45
134.215
131.696
132.783
133.043
135.379
133.98
133.212
133.757
132.143
133.17
133.513
135.365
133.737
134.587
135.261
135.27
135.891
136.716
134.866
136.146
138.405
135.905
136.42
137.878
136.107
136.676
136.256
136.988
136.429
136.797
137.885
138.003
134.531
134.347
134.84
134.565
132.674
135.506
134.99
134.552
133.125
131.943
131.522
134.549
135.016
134.845
134.477
135.09
135.892
136.079
134.594
134.32
133.132
133.422
131.735
131.527
132.64
131.945
133.414
132.808
132.32
132.539
133.281
137.469
135.642
137.671
137.182
137.412
137.581
138.241
139.482
137.279
138.269
136.089
137.889
140.114
138.809
140.306
139.145
139.324
138.326
140.13
139.528
140.571
139.193
140.583
142.433
145.7
145.758
144.677
143.325
142.369
142.646
143.62
142.442
144.143
142.114
142.672
142.673
142.268
142.566
142.747
140.434
140.458
139.224
139.109
137.594
140.707
139.599
139.709
140.498
137.296
138.786
139.265
138.899
140.482
137.576
139.294
139.407
137.292
138.917
139.154
136.277
138.311
139.218
136.329
134.745
135.418
135.197
136.979
136.314
140.352
139.022
142.241
145.626
143.651
143.743
142.152
142.86
142.758
144.555
144.087
144.607
144.41
144.953
147.573
146.933
146.155
147.716
149.492
148.387
148.286
149.199
147.798
149.427
150.833
153.914
155.666
155.705
155.256
158.254
158.982
162.743
166.95
167.051
255.415
413.171
392.983
390.39
376.854
385.359
372.005
363.128
362.82
397.143
379.384
364.176
385.053
405.345
378.184
385.286
386.803
388.954
378.021
386.819
382.601
376.778
374.834
389.218
372.45
367.337
367.064
388.615
372.478
359.738
363.982
375.829
364.62
354.66
355.703
372.27
365.306
352.787
355.556
363.235
360.963
350.217
349.295
358.715
353.877
347.42
345.523
349.949
346.631
347.785
344.641
347.878
341.21
344.501
331.944
341.997
333.757
333.358
328.172
336.316
328.24
331.069
320.899
333.857
320.584
326.476
315.873
329.581
311.895
321.562
308.403
325.728
306.632
314.464
305.069
320.421
301.018
311.647
296.677
314.364
298.809
306.558
292.281
308.076
292.693
302.766
287.17
306.407
289.472
298.571
287.329
300.254
283.297
295.556
278.727
296.78
280.981
288.628
278.495
290.675
277.816
284.978
276.582
285.694
274.826
281.539
273.644
282.252
271.83
276.504
267.425
280.048
266.938
274.637
266.648
276.554
261.715
270.088
261.958
273.686
262.039
268.88
261.263
270.884
258.643
267.862
259.025
268.004
257.948
264.32
257.415
265.361
255.264
259.481
256.829
260.73
253.876
261.224
255.273
258.631
250.539
258.455
253.955
257.825
247.056
254.293
249.521
255.459
245.692
252.942
246.569
253.034
246.199
251.22
245.657
252.199
244.369
249.184
244.808
252.926
244.256
248.89
244.533
248.792
241.084
246.411
244.083
248.781
242.391
246.448
240.548
246.144
238.667
244.761
240.391
245.901
240.411
245.817
234.796
243.394
238.295
244.012
234.808
243.045
237.709
243.91
234.438
245.747
236.055
242.801
234.919
241.971
234.211
243.697
231.541
241.938
234.595
243.75
235.235
242.54
236.572
240.401
232.75
241.172
236.099
242.447
231.934
240.161
231.522
241.832
232.341
241.803
231.325
240.484
231.125
238.301
229.46
237.542
231.625
239.712
231.381
233.367
229.199
235.942
227.603
233.574
228.13
235.98
229.99
233.684
226.759
236.18
230.821
231.138
227.798
236.489
227.995
231.629
226.039
233.196
227.13
231.565
224.49
233.73
225.983
232.137
224.241
232.981
226.878
230.89
222.87
219.022
209.401
185.927
199.03
207.578
200.743
187.057
175.966
179.713
185.62
179.217
174.887
169.014
169.373
167.183
162.563
159.921
161.07
154.729
153.789
149.563
145.102
144.441
143.207
144.54
144.283
146.517
147.302
145.118
143.32
143.936
145.097
145.518
144.17
146.313
145.248
143.563
141.689
140.79
142.025
143.929
144.744
145.14
144.278
141.166
143.256
144.402
146.487
147.477
146.07
144.056
144.36
142.561
141.428
144.258
143.67
143.166
142.563
139.88
137.846
137.344
139.575
140.098
141.853
139.007
137.921
138.441
138.613
140.233
139.532
140.781
141.068
141.067
142.278
142.957
142.41
142.006
141.067
139.614
138.364
137.661
138.065
137.634
138.121
139.118
138.149
136.284
136.449
137.361
135.446
136.744
137.404
134.966
135.545
137.313
137.536
138.476
139.816
139.988
140.026
138.974
138.205
138.691
139.415
140.082
139.106
138.158
140.459
140.414
141.347
140.537
137.873
138.11
140.158
139.695
138.016
138.638
138.928
139.417
138.32
138.451
137.56
137.142
135.916
136.103
135.302
136.101
136.924
139.306
137.666
137.512
135.047
137.246
136.581
136.297
138.338
138.039
138.314
137.438
137.191
135.919
134.48
135.989
136.696
137.249
139.366
138.987
138.461
138.286
139.481
139.594
139.316
139.027
139.577
140.229
139.252
139.594
139.704
139.277
139.578
140.043
139.525
140.383
141.066
140.261
140.274
139.948
139.571
141.755
140.521
142.034
141.582
141.024
142.655
138.353
138.947
138.705
139.698
139.192
139.457
139.592
138.078
136.994
137.025
138.209
138.458
137.064
137.684
135.547
137.617
138.303
139.461
138.315
138.912
139.324
139.22
137.962
136.832
137.618
135.547
138.371
137.931
137.083
136.864
137.874
139.071
137.031
136.566
137.01
137.187
138.447
140.357
139.354
139.57
139.63
138.774
139.391
138.547
137.011
136.061
136.583
135.222
137.372
136.119
137.272
137.955
137.869
140.766
140.593
140.18
141.242
139.827
140.71
139.427
140.232
138.514
140.094
140.947
140.502
138.293
140.589
142.108
143.651
142.129
140.66
139.803
140.084
142.38
142.128
141.175
141.016
141.872
142.394
140.251
141.181
142.636
141.756
142.234
141.41
141.424
141.139
139.631
139.194
137.539
139.505
140.67
141.917
141.562
139.49
141.145
140.689
140.383
142.36
142.086
142.086
140.839
139.767
141.309
141.196
142.411
143.287
142.282
142.8
143.136
142.279
141.67
138.423
140.689
141.077
140.258
140.705
141.808
140.708
137.384
140.505
139.775
139.727
139.59
141.867
141.822
140.016
143.793
143.532
146.315
145.169
143.576
144.154
142.004
146.588
147.052
144.731
145.2
148.962
147.635
147.845
144.828
142.877
145.489
148.209
145.309
147.655
144.579
145.145
144.699
145.757
145.933
147.437
145.684
147.423
149.951
148.284
151.198
149.774
149.323
147.601
149.526
149.681
151.958
150.662
148.764
150.822
152.19
152.021
155.923
153.65
153.493
160.608
166.02
168.006
259.648
397.593
381.192
401.804
375.411
401.142
373.096
397.648
389.804
403.041
371.058
403.053
390.851
390.676
383.628
392.608
394.598
386.44
387.352
391.31
396.84
372.336
383.839
385.69
385.75
366.989
376.258
373.009
379.744
356.313
374.029
361.8
367.744
348.49
355.374
352.532
354.394
341.35
341.806
344.877
339.999
335.459
331.157
334.916
330.451
324.749
322.496
332.861
325.897
316.297
316.72
323.191
317.24
315.379
308.067
314.983
306.603
310.964
300.905
311.977
301.388
308.478
290.595
301.579
295.631
300.247
291.634
301.565
291.323
295.54
286.3
293.821
287.605
288.495
285.149
291.243
282.977
284.394
281.888
288.072
277.814
280.382
277.481
283.032
271.532
278.739
273.477
279.862
269.897
277.51
269.29
274.395
263.899
275.297
267.061
269.862
262.464
269.373
262.683
270.819
264.485
266.918
258.366
266.2
259.054
265.425
254.831
263.621
258.296
259.653
252.468
260.593
254.233
257.26
250.876
260.303
252.086
256.478
250.032
260.664
249.153
253.311
249.455
258.105
248.778
250.887
247.375
253.487
248.85
249.5
247.151
252.629
246.383
249.308
247.861
251.524
245.407
247.791
248.468
248.605
243.501
245.378
244.335
248.417
244.302
245.196
241.053
245.45
242.137
244.704
241.165
244.482
240.237
245.865
239.369
243.649
239.009
244.865
240.18
241.838
235.242
241.753
236.409
243.311
235.379
240.522
235.309
242.151
235.614
241.027
233.606
242.535
235.455
242.1
236.35
240.053
234.158
241.762
237.488
238.626
232.808
238.64
234.491
236.417
229.465
237.408
230.52
236.372
230.654
236.721
234.334
232.986
230.99
235.127
232.002
233.744
228.81
234.064
231.443
234.936
227.328
233.836
229.034
237.668
228.19
234.284
227.618
235.63
226.26
234.677
224.804
237.03
223.748
232.71
227.348
235.343
226.165
232.672
222.917
232.607
225.034
232.144
224.747
231.638
225.739
230.501
224.532
228.951
224.33
230.189
224.138
226.46
224.522
229.859
222.506
225.429
223.33
229.277
222.539
226.964
223.076
227.334
221.566
224.755
220.855
228.211
221.301
225.187
221.147
227.392
222.987
218.421
206.988
184.856
188.379
196.951
195.601
183.963
174.486
176.708
180.838
176.764
169.33
166.322
164.384
161.052
161.048
154.364
152.648
151.101
152.165
151.902
149.672
146.139
144.361
141.725
138.993
143.31
140.796
139.397
138.483
136.103
136.163
137.25
134.645
136.866
136.825
135.617
136.356
136.808
135.333
135.336
139.021
138.165
136.724
140.001
137.743
138.818
137.153
138.902
139.305
138.077
138.794
138.861
137.274
136.869
138.27
137.605
138.778
136.682
140.275
139.997
140.012
137.759
137.29
136.248
137.482
136.032
135.594
135.562
137.317
138.403
138.739
139.795
138.13
140.29
140.48
138.528
136.303
137.278
139.277
137.646
138.866
138.57
136.572
136.419
137.641
137.002
133.906
135.701
133.715
133.748
133.715
134.347
134.943
134.63
134.035
133.218
133.884
133.818
132.434
132.601
131.83
131.594
132.741
133.615
133.185
131.72
131.742
130.603
129.635
129.2
130.403
130.501
130.075
131.94
131.767
131.614
131.548
131.77
132.328
132.505
132.491
132.266
131.079
131.007
132.994
132.654
132.602
132.31
131.744
132.294
132.105
131.081
133.213
131.229
130.781
131.441
131.23
131.288
131.212
130.663
131.539
133.287
131.744
131.505
131.823
133.323
132.796
131.726
131.197
130.096
130.578
130.452
131.467
133.032
131.008
130.071
131.241
131.277
131.542
131.091
132.019
130.712
130.296
130.485
131.926
132.797
133.31
132.839
132.959
132.87
131.836
133.629
133.791
135.21
132.928
134.09
130.976
135.313
135.03
135.853
134.967
134.999
135.246
134.32
133.847
134.624
134.421
134.945
133.704
134.794
135.162
136.351
134.788
134.646
135.081
134.692
135.336
133.993
135.888
134.636
132.874
132.711
133.431
132.087
132.674
133.512
134.098
132.071
132.755
132.219
132.304
133.787
134.291
134.425
135.027
134.916
137.548
137.686
137.005
136.714
137.385
136.964
136.377
137.505
134.723
136.211
136.358
136.115
137.435
137.972
137.745
139.048
135.758
137.011
135.812
135.043
135.804
135.885
136.174
136.639
138.194
139.073
138.117
139.037
136.613
136.095
136.545
137.612
135.597
136.606
138.049
139.609
138.482
138.962
139.68
138.714
139.138
138.535
141.549
140.806
138.289
137.781
138.889
141.175
141.039
137.934
138.393
138.799
136.837
138.431
138.98
138.467
140.138
138.08
136.686
137.517
137.52
138.179
137.156
137.725
135.55
135.397
136.975
136.044
137.273
136.653
136.046
134.749
136.582
137.19
139.762
139.358
140.355
143.182
141.119
142.102
142.519
139.533
141.01
141.728
141.34
143.734
143.185
143.909
144.011
142.061
146.297
143.303
141.253
144.771
144.024
143.855
141.522
143.902
141.41
145.612
143.5
147.508
147.138
147.34
147.108
147.29
146.976
150.744
154.286
149.596
153.914
157.372
260.009
394.476
390.53
396.229
367.976
385.843
380.205
391.473
368.07
380.58
386.919
407.7
383.23
392.166
388.583
398.588
381.017
388.951
391.064
386.88
379.796
387.415
380.475
381.539
381.4
375.331
369.407
370.597
368.618
365.571
364.232
359.379
362.4
358.457
354.497
351.16
354.643
354.732
350.227
347.492
342.418
344.143
339.42
342.292
336.919
339.966
332.517
334.781
325.863
331.836
323.043
330.279
320.444
327.398
317.38
318.869
313.557
316.958
309.48
315.766
303.516
311.246
301.481
311.873
295.931
305.974
296.892
301.568
290.983
300.792
289.265
297.257
286.832
294.265
281.912
286.644
280.566
288.219
279.701
284.837
275.85
285.794
275.496
283.349
273.73
283.082
272.051
278.801
268.546
278.362
266.81
277.412
264.655
273.436
263.494
276.14
264.882
270.138
261.445
267.491
262.165
269.024
256.707
267.58
256.003
265.87
253.55
264.485
253.485
263.552
249.3
262.503
248.171
262.2
247.566
257.093
246.432
256.301
246.093
255.112
248.309
253.8
245.34
256.876
245.964
256.017
243.446
252.616
243.99
249.742
239.711
252.172
243.489
249.182
238.913
248.303
239.043
248.02
236.748
245.207
236.478
245.959
234.349
244.996
236.77
244.235
234.293
243.729
232.427
241.059
232.609
240.831
232.546
241.403
231.662
240.089
231.302
242.405
231.266
238.99
228.04
242.436
227.197
239.665
225.219
240.478
227.777
237.29
226.315
236.595
226.34
236.375
225.17
236.067
225.374
234.396
223.799
232.054
224.838
233.669
223.111
232.338
224.64
231.709
223.337
231.838
222.465
231.561
222.276
230.477
222.098
232.274
222.312
228.272
221.123
230.672
221.958
228.348
222.392
228.559
222.366
227.915
219.684
226.377
220.462
227.033
220.784
225.704
220.924
227.36
222.071
227.397
220.032
227.593
219.697
224.946
219.556
226.643
218.144
222.986
221.355
224.857
218.596
224.019
220.452
225.544
219.101
223.171
221.613
225.48
218.51
223.838
219.789
223.32
218.397
223.184
219.025
222.951
220.114
223.002
216.589
222.458
219.067
221.546
216.311
220.96
220.327
222.912
216.11
220.179
219.034
215.467
204.349
183.963
192.671
197.451
194.844
186.867
174.739
177.498
179.35
175.151
167.814
162.137
160.231
157.808
154.908
147.046
149.967
149.285
148.538
144.65
143.546
141.302
138.694
135.554
134.911
137.039
135.441
138.037
135.932
139.739
139.437
137.759
136.933
136.318
137.657
137.306
134.092
134.491
135.153
136.106
136.482
136.175
137.028
135.382
136.39
133.259
135.279
139.083
139.612
138.857
137.966
137.813
138.903
138.847
138.093
140.649
140.816
137.975
137.87
137.515
139.586
138.938
138.084
138.05
138.133
138.761
137.325
136.432
138.523
139.734
139.813
139.304
138.941
138.56
139.7
139.192
140.651
140.268
140.805
138.939
140.263
138.424
139.457
139.068
138.841
139.579
137.843
138.081
136.462
136.846
135.158
135.925
134.913
135.722
135.303
136.704
135.915
136.021
134.462
136.337
136.666
137.031
135.172
135.309
135.582
135.708
134.558
135.287
135.49
133.822
134.655
133.295
135.364
132.939
134.589
133.876
133.562
132.888
131.755
131.816
132.768
131.968
132.418
131.855
134.575
133.51
133.519
133.269
132.444
133.397
133.129
132.172
132.347
131.395
131.546
131.82
130.751
130.263
130.487
130.762
130.847
132.251
135.188
134.583
135.255
136.217
135.938
135.051
135.401
135.86
137.753
136.224
135.618
134.373
134.357
132.776
132.8
132.745
133.555
132.037
132.425
131.346
132.942
131.127
131.264
130.821
130.053
130.183
132.239
132.845
131.532
132.361
132.25
132.45
133.374
133.948
134.148
134.133
134.593
135.433
136.111
135.034
136.455
135.432
136.215
137.626
136.633
138.017
136.355
135.966
135.148
134.505
136.014
136.55
135.204
135.086
134.764
135.482
137.461
137.054
135.325
135.508
135.27
135.617
135.384
135.095
133.328
133.252
133.599
134.487
134.348
133.049
137.759
136.824
137.87
137.733
138.26
137.38
137.28
137.222
136.081
135.619
137.572
135.134
135.887
137.208
136.906
137.066
136.873
137.842
137.117
136.92
138.801
136.431
138.46
137.892
138.299
136.725
138.724
139.198
138.968
137.181
138.83
139.008
138.865
137.49
137.949
138.792
137.354
136.98
140.01
139.81
138.201
139.656
140.623
139.745
137.132
141.01
138.284
136.879
138.931
142.131
142.749
141.327
141.85
140.438
139.83
141.727
142.088
141.381
138.991
139.825
138.975
139.993
140.364
142.181
141.921
139.869
140.727
139.939
142.438
141.429
142.023
143.253
142.077
142.938
144.467
142.034
143.737
142.028
144.199
146.05
146.748
148.958
150.651
144.641
148.714
154.806
256.772
389.605
381.074
379.117
373.038
382.492
368.444
405.589
388.338
388.499
381.393
397.261
390.094
403.492
383.83
388.538
383.207
401.188
376.809
394.097
388.079
399.392
376.377
391.162
389.446
386.32
376.207
384.522
380.867
378.589
370.687
375.462
376.004
372.684
363.462
372.458
369.258
364.977
353.069
365.744
359.945
355.184
350.648
357.012
348.634
352.628
338.859
346.141
341.905
346.16
334.035
341.037
329.177
334.721
324.184
333.493
321.795
330.754
317.417
326.655
316.797
329.161
315.475
321.162
308.492
323.546
307.114
315.83
305.154
315.788
301.92
310.022
301.405
310.287
298.534
306.06
299.786
305.225
291.162
300.465
294.229
299.463
290.546
300.357
289.965
291.24
287.661
292.996
288.035
293.616
288.606
291.973
286.158
290.706
284.626
289.62
281.094
284.541
281.678
285.135
278.108
284.802
275.443
284.388
273.694
279.212
272.13
280.824
271.132
278.076
269.919
278.468
269.844
276.695
270.404
271.913
269.736
274.669
266.072
272.657
268.822
275.657
265.248
271.363
268.325
273.418
261.991
272.122
266.171
272.121
258.489
267.989
263.252
269.046
259.909
265.686
260.051
267.558
259.023
266.239
258.287
266.079
258.137
266.089
255.47
262.886
255.171
263.078
256.417
262.468
253.813
260.371
256.319
262.465
255.525
257.844
254.145
260.582
254.788
258.483
255.631
257.248
253.415
256.404
254.853
261.206
255.917
257.683
252.644
261.917
254.001
255.412
249.258
259.554
251.35
254.535
250.452
257.652
248.998
257.125
249.526
258.635
249.328
255.32
249.82
256.256
247.588
257.049
249.904
256.618
247.698
255.015
249.25
256.378
247.872
255.268
247.498
253.754
246.306
254.15
247.382
253.104
248.246
253.855
246.959
253.962
247.021
254.373
246.708
251.567
243.531
254.159
247.837
252.527
245.517
254.408
248.175
250.063
245.213
251.363
250.168
250.415
244.951
253.016
247.173
250.307
241.945
251.09
247.87
249.982
244.015
249.832
246.174
250.379
241.071
248.218
244.845
249.414
243.179
248.382
246.123
249.266
243.278
246.83
243.431
249.859
244.012
244.525
242.667
249.117
241.249
237.357
223.339
197.575
209.992
217.973
214.683
200.994
186.223
185.312
190.801
186.965
176.635
175.866
172.469
166.201
161.772
155.978
153.183
149.439
150.063
146.71
147.118
147.142
144.839
145.107
142.71
141.537
138.933
139.027
139.203
139.018
139.868
137.436
138.331
138.144
138.498
137.502
136.461
135.456
135.361
137.536
134.405
135.725
135.715
135.634
136.43
138.034
137.368
136.216
137.229
136.322
135.042
135.661
136.262
135.166
136.675
133.313
135.373
132.786
135.632
134.04
134.971
135.252
134.547
135.219
134.007
134.459
133.734
131.477
131.545
132.809
133.125
133.875
133.413
134.415
132.074
131.713
132.872
132.173
132.857
131.101
133.546
133.524
133.331
133.725
134.032
135.234
133.047
133.479
133.849
133.116
133.146
131.679
131.105
130.967
131.084
131.543
134.861
136.546
135.359
134.464
135.599
136.137
135.05
136.042
135.398
135.983
136.938
134.942
133.806
134.451
130.782
132.438
133.508
131.222
133.042
131.993
131.074
132.836
131.313
130.285
131.546
131.263
130.281
129.125
129.215
129.391
132.109
131.506
132.024
133.149
132.411
133.728
133.379
134.353
132.774
132.368
134.388
134.359
134.276
133.076
133.242
132.459
131.848
129.946
129.434
130.478
130.715
131.727
130.152
130.497
130.906
129.578
129.534
130.582
130.148
130.357
131.302
130.709
130.407
129.797
130.87
130.386
132.043
132.255
130.975
129.627
130.251
130.912
132.047
130.743
131.54
132.135
133.484
133.17
133.249
133.903
130.908
132.384
133.048
134.885
135.155
134.624
134.03
134.821
135.329
134.728
134.265
133.816
134.422
134.57
136.044
134.836
135.53
135.472
136.204
134.732
134.247
133.35
133.648
134.002
135.118
135.559
134.268
133.527
134.098
136.064
135.846
136.096
136.447
134.95
135.298
136.034
135.987
136.722
138.504
138.532
136.835
135.77
136.252
136.787
136.679
137.591
137.628
137.023
138.791
140.299
139.936
139.158
137.468
138.179
137.048
137.933
136.805
136.433
140.354
137.719
136.533
136.97
139.453
140.997
142.182
139.202
138.78
138.964
140.171
139.323
137.45
137.298
137.739
135.702
138.767
143.812
141.465
138.614
134.13
134.593
137.404
135.256
138.188
140.823
143.216
141.606
143.138
141.88
140.508
141.629
139.359
140.654
142.196
141.951
142.609
145.079
147.106
146.095
145.448
142.843
140.563
142.825
143.351
144.145
144.55
144.124
145.172
143.11
143.838
144.076
143.406
148.226
144.716
144.953
146.15
146.716
147.349
144.017
146.464
146.781
147.697
147.989
147.231
147.781
145.809
145.936
146.887
146.296
147.635
146.959
146.378
146.296
146.009
146.652
145.798
147.021
148.002
145.739
147.562
146.768
146.524
150.236
150.089
152.424
152.253
154.532
156.017
157.694
160.86
159.016
162.355
165.449
255.785
411.585
384.875
396.687
378.034
417.741
366.149
373.529
373.201
402.77
380.565
396.522
382.422
408.457
391.461
394.84
388.268
406.072
391.049
399.761
381.815
393.775
380.788
393.933
376.51
385.237
380.006
394.031
366.34
377.38
375.383
384.056
375.605
369.087
370.308
382.483
363.818
362.906
363.426
369.811
358.147
356.242
358.413
375.747
353.58
353.886
350.013
368.436
349.28
348.371
342.379
356.641
335.795
346.359
340.447
352.57
337.037
340.609
329.947
349.462
332.236
339.999
328.715
344.146
327.497
339.346
319.201
339.207
322.706
335.651
317.18
337.036
317.457
330.516
316.751
334.492
316.14
331.119
307.053
331.43
309.295
327.174
309.152
330.986
310.791
322.4
298.886
323.401
304.722
313.637
306.216
321.98
303.316
317.168
298.067
320.59
299.507
314.553
303.507
321.07
300.094
309.131
298.299
319.124
294.642
314.265
293.747
312.344
295.36
311.024
294.039
311.497
296.17
309.429
289.342
312.397
287.626
304.841
287.388
309.742
289.852
303.017
283.607
303.969
286.297
300.785
284.061
302.302
284.237
298.606
282.235
299.968
283.665
298.928
285.067
295.765
285.553
292.234
281.675
292.044
284.296
294.405
279.053
291.901
283.136
288.977
278.354
287.527
282.053
286.687
276.13
289.982
278.156
289.754
273.621
288.359
276.17
289.385
275.043
288.641
273.74
285.353
274.25
288.197
273.187
280.517
270.923
283.543
274.481
282.402
268.745
279.641
272.571
281.265
271.574
279.714
271.07
281.643
270.689
280.951
272.492
280.16
267.671
278.29
268.333
279.05
267.932
279.892
269.961
280.599
269.065
278.351
269.317
280.017
265.331
278.818
267.344
281.83
265.725
276.859
266.782
278.535
266.273
276.373
265.327
277.357
261.552
275.321
265.176
276.174
264.613
276.067
264.373
275.843
262.973
274.645
265.809
273.394
263.63
271.7
263.96
272.178
261.405
273.8
264.44
273.953
260.771
273.512
265.599
274.127
258.798
271.149
264.137
273.387
260.507
272.179
262.286
271.055
259.397
270.646
265.082
271.467
257.941
270.001
261.84
271.572
257.971
270.997
262.817
270.162
258.086
253.165
243.314
210.907
226.412
236.752
227.812
212.061
200.859
201.488
208.135
205.074
195.582
188.496
185.367
183.049
175.519
167.507
170.395
165.276
164.233
164.029
161.609
158.794
157.174
154.829
151.566
148.952
151.921
150.067
146.976
147.397
148.04
146.856
143.03
144.69
144.265
146.649
146.564
148.165
144.434
144.105
143.968
144.622
144.504
143.629
143.202
145.297
143.241
143.83
143.605
145.334
145.594
145.013
142.5
143.655
143.042
142.55
143.552
143.029
143.383
139.787
140.661
140.853
140.7
138.526
139.457
140.147
143.169
143.914
142.938
142.798
141.627
141.813
141.732
142.062
142.142
140.607
139.604
139.448
141.055
141.07
139.49
140.086
139.148
140.868
140.59
139.314
138.528
138.328
137.932
138.237
137.745
137.969
138.662
138.229
137.667
137.645
137.943
138.36
139.897
138.151
137.298
137.214
133.668
135.442
134.233
133.988
134.411
135.508
136.946
135.679
133.507
134.729
134.007
131.923
132.056
132.391
132.633
133.654
135.717
136.227
134.836
134.628
133.106
133.539
132.741
134.696
134.495
133.97
132.296
132.16
131.195
132.324
132.488
131.722
131.038
132.546
130.756
131.42
131.61
131.455
131.43
130.127
128.808
131.147
130.136
130.79
130.933
131.061
130.751
130.293
131.397
131.619
132.513
132.791
132.967
133.244
131.785
132.668
132.827
133.367
133.256
134.386
135.634
137.796
138.383
137.811
135.294
136.191
134.986
134.438
134.892
135.605
135.013
136.125
135.595
139.051
137.836
137.016
137.264
135.078
136.783
134.812
134.988
135.41
136.077
137.431
135.142
134.152
135.194
135.798
134.933
136.126
135.028
136.424
136.398
137.156
135.855
136.566
136.416
135.768
136.094
136.635
135.845
135.212
134.268
134.342
134.281
135.34
135.451
135.254
136.854
137.167
135.875
138.002
140.234
137.909
138.373
138.303
138.525
137.99
137.687
137.457
138.896
138.924
137.42
137.003
136.594
137.888
137.404
138.919
138.791
138.582
137.768
136.616
137.241
138.96
137.732
137.995
137.053
137.613
139.409
138.225
138.652
137.925
138.688
142.808
142.075
141.688
142.01
141.408
142.626
144.975
144.846
143.17
141.628
140.548
140.847
138.698
139.496
138.138
138.559
139.157
139.759
140.123
141.052
139.849
140.978
142.065
141.269
143.224
144.475
140.615
143.792
142.791
143.658
143.987
144.899
144.595
142.905
144.564
143.988
143.354
143.758
143.936
144.15
145.318
144.81
143.167
144.817
144.468
146.326
144.709
145.189
146.094
147.773
146.933
146.254
145.448
145.908
145.118
147.015
146.292
145.18
144.741
143.821
145.078
146.823
145.785
147.579
147.587
148.5
146.923
151.71
151.779
149.652
154.01
152.415
151.554
149.624
150.352
147.457
150.031
153.036
153.195
151.652
150.468
153.522
156.426
155.934
157.034
154.869
156.845
158.863
156.188
160.324
160.355
158.409
160.536
157.566
155.556
157.552
161.896
163.282
162.284
167.672
172.959
180.781
185.269
255.415
412.582
392.292
392.379
375.805
384.108
373.843
364.542
366.22
394.832
386.176
367.013
379.232
400.963
382.433
383.883
386.541
386.827
381.097
390.172
381.558
375.728
377.009
395.175
373.478
370.315
373.312
389.82
369.712
364.841
370.211
378.329
364.89
361.508
364.074
367.518
360.302
356.946
357.985
360.293
356.413
351.982
353.013
349.579
348.622
346.749
340.248
346.056
338.465
337.483
331.155
337.271
327.174
335.355
314.112
331.458
316.717
324.902
308.024
323.517
307.558
321.925
299.152
314.465
294.524
313.883
290.301
310.214
291.467
305.08
283.299
307.138
285.135
300.642
280.141
300.757
282.484
293.479
271.764
292.962
274.105
289.291
268.357
288.641
270.552
281.721
263.271
285.634
266.278
276.232
259.319
278.141
261.284
273.653
257.935
275.339
261.377
269.619
252.466
271.431
260.356
264.636
251.144
268.551
255.627
262.728
249.291
264.878
254.181
260.048
247.884
258.436
250.816
255.967
245.396
254.493
248.124
258.693
243.289
254.556
245.006
255
239.861
250.759
242.819
251.793
236.882
252.081
240.692
251.212
233.38
249.388
235.979
247.418
232.771
245.878
234
245.42
230.768
246.224
232.562
242.494
231.46
243.844
231.483
239.691
231.386
245.579
229.765
237.551
229.422
243.466
228.565
236.347
226.266
244.24
227.737
235.096
227.869
240.444
230.256
234.245
226.461
238.475
228.929
232.014
225.963
236.779
225.516
233.855
226.621
236.86
227.209
235.106
225.376
233.105
227.488
233.333
222.877
232.434
224.582
231.434
222.288
232.287
223.162
231.994
221.933
230.774
224.368
232.06
221.08
229.731
222.994
229.731
225.023
229.126
223.482
229.064
225.374
229.884
222.667
230.94
223.596
229.107
222.521
227.637
224.592
230.007
223.741
226.327
220.549
228.944
222.264
226.144
221.881
229.143
222.662
225.028
220.296
229.708
222.612
224.795
216.346
228.246
222.062
224.027
216.537
225.97
221.176
222.638
214.718
224.547
218.063
222.017
215.011
222.155
218.992
218.955
215.153
224.449
221.168
217.06
213.04
221.97
217.564
215.376
212.949
220.01
217.837
216.749
214.171
208.938
201.561
179.48
188.252
196.771
194.444
182.162
175.113
176.124
178.757
177.769
175.948
169.606
163.482
162.963
159.002
156.208
152.026
151.594
152.68
148.514
149.492
147.985
143.916
143.901
140.847
141.857
142.266
139.292
142.301
143.5
143.345
145.497
144.928
143.999
145.355
145.031
144.669
146.103
143.907
145.769
144.399
144.135
141.808
143.531
141.247
141.085
142.061
139.904
139.681
138.517
138.906
138.407
138.462
136.707
136.168
136.329
139.211
137.48
137.853
139.144
141.482
140.017
139.409
137.547
138.774
139.4
138.925
141.676
140.747
141.641
139.63
141.281
142.511
140.367
141.214
141.704
141.754
140.978
139.218
140.596
140.533
141.432
140.875
141.004
140.312
141.535
141.269
142.38
140.844
143.372
142.064
138.883
140.356
138.955
139.13
138.866
138.732
138.176
138.442
138.758
139.01
138.038
138.431
139.892
139.313
140.091
140.233
141.124
141.096
139.163
139.844
139.357
141.297
140.649
136.761
138.175
137.631
137.823
136.824
137.568
138.13
137.576
139.696
138.846
140.653
140.105
138.901
137.244
137.275
138.023
137.684
136.657
136.442
136.124
136.336
135.589
135.044
135.016
134.336
134.386
135.599
133.642
135.227
135.258
135.447
136.679
134.582
134.587
133.704
134.408
133.654
134.305
136.486
137.856
137.4
137.024
138.062
137.934
137.896
138.185
136.29
137.226
136.498
135.83
135.962
138.663
138.016
137.408
137.876
137.676
137.667
136.924
137.967
137.996
137.569
137.016
136.736
138.587
138.727
138.226
138.01
137.101
136.937
138.256
139.16
141.974
139.122
137.88
138.497
140.574
140.404
139.643
140.269
140.216
139.613
140.195
139.818
140.545
139.668
140.01
140.678
141.125
140.335
140.332
138.302
137.814
138.971
137.954
139.253
138.949
139.442
138.902
139.521
140.682
141.307
142.619
143.158
141.509
140.029
141.773
140.65
140.51
140.36
140.269
141.976
140.779
140.201
141.234
139.367
139.721
142.349
141.271
142.281
141.175
142.532
142.011
142.559
143.75
143.181
142.247
142.448
140.196
138.953
138.232
139.102
137.714
138.531
138.514
138.236
138.466
139.66
137.102
139.226
137.079
137.255
135.597
137.346
136.214
136.819
138.934
138.172
140.109
141.436
139.296
140.785
139.294
138.824
141.363
138.296
141.182
137.056
138.512
139.779
139.188
140.177
143.227
143.01
142.724
142.957
137.827
137.218
139.541
139.423
139.698
142.06
139.332
140.983
143.333
142.477
142.698
140.365
142.326
142.142
141.482
141.865
143.007
142.75
143.033
140.982
144.057
142.863
145.79
143.872
143.489
143.649
145.609
142.033
143.47
143.183
143.353
144.368
145.388
145.636
146.934
143.781
143.927
148.856
147.268
148.946
148.834
146.764
149.354
147.053
148.267
148.535
148.38
149.211
152.458
149.676
148.105
148.042
149.194
146.743
147.461
148.57
146.772
148.517
148.283
151.53
150.812
149.765
155.265
156.922
157.182
159.576
159.736
160.208
160.918
259.648
398.433
381.884
402.463
378.396
399.545
372.327
395.975
388.778
400.504
373.315
404.822
394.522
399.66
380.203
395.218
400.916
388.494
382.736
397.566
396.7
372.45
385.01
382.039
386.626
365.711
383.353
369.412
373.532
354.652
359.932
361.511
368.018
353.277
356.341
357.215
357.578
346.47
346.735
345.219
346.157
341.666
342.007
346.52
340.457
333.486
336.864
337.548
335.626
327.222
327.119
329.602
324.282
323.014
317.949
326.901
321.376
318.833
311.865
317.602
314.159
313.389
307.592
315.6
309.338
306.931
302.957
308.723
304.983
302.412
296.982
310.182
298.259
298.423
293.278
302.074
293.327
297.684
289.407
300.278
290.997
294.522
284.087
295.156
286.444
287.616
280.724
288.159
282.281
283.327
279.871
287.888
277.478
283.3
278.51
288.165
277.597
276.72
271.057
282.19
274.974
278.374
270.846
275.752
270.526
275.804
268.853
275.747
269.345
274.003
263.957
274.079
266.014
269.57
263.305
268.015
261.295
267.648
260.586
267.14
261.356
264.522
259.948
263.176
262.247
258.868
257.807
261.128
257.885
260.077
255.939
256.627
256.947
258.973
255.753
255.514
253.531
255.726
253.837
253.445
254.595
253.693
249.903
254.46
250.118
254.428
249.331
252.118
249.206
251.877
246.973
251.975
246.091
249.884
243.831
248.488
248.222
247.288
244.266
245.714
243.857
248.292
241.498
246.255
241.164
248.918
242.604
245.882
243.218
247.516
241.689
248.596
242.58
246.667
238.852
248.331
241.873
246.102
238.478
246.039
237.993
244.395
238.511
243.781
238.156
243.353
238.484
243.513
237.69
242.528
235.946
243.222
237.797
238.411
233.517
241.131
235.111
241.298
232.935
240.149
234.742
241.262
234.638
240.304
237.822
238.674
232.93
239.436
233.064
236.471
231.781
236.094
232.339
236.721
233.024
235.917
230.721
235.3
231.088
236.824
231.69
236.651
231.711
236.497
229.274
236.498
229.564
234.178
230.152
235.848
230.269
235.08
228.163
234.599
228.948
233.84
232.144
230.516
229.008
232.199
229.849
231.787
229.08
232.446
229.023
231.151
231.629
233.923
230.359
232.472
230.573
225.177
210.887
187.371
189.202
200.046
200.796
189.959
176.688
178.714
181.055
179.595
176.44
171.942
166.284
164.621
161.298
156.544
153.543
151.251
150.918
147.351
146.226
143.182
142.489
141.769
141.448
139.63
139.31
137.902
137.497
136.475
136.444
137.502
138.819
133.225
135.769
136.317
134.223
134.895
134.282
134.824
134.334
136.464
134.697
134.466
132.828
134.78
137.68
135.775
135.626
137.578
137.889
136.361
136.227
135.249
135.01
135.794
136.021
136.651
135.588
135.676
135.032
134.238
134.054
133.394
133.987
134.82
133.252
135.246
134.347
133.731
134.003
132.803
133.608
135.267
134.385
133.415
133.805
134.453
134.184
133.724
137.168
136.885
136.216
135.134
132.521
132.06
132.804
132.505
132.801
132.98
131.341
131.182
130.562
129.866
130.361
131.451
131.799
133.707
130.68
129.741
129.89
131.128
132.256
130.655
130.353
130.098
130.28
131.041
129.18
128.653
129.767
130.964
130.959
131.026
132.45
130.763
132.077
131.559
131.82
130.433
131.671
132.095
131.102
131.327
131.287
130.097
129.669
129.542
129.902
129.73
130.431
129.63
128.977
129.307
130.608
131.789
129.039
129.832
130.451
130.79
130.661
131.132
131.211
130.241
130.237
130.239
129.254
129.143
129.306
128.765
129.97
130.555
130.956
130.748
131.567
131.386
130.504
131.325
131.97
133.657
133.236
132.273
130.419
131.562
130.926
130.805
130.561
130.253
131.48
131.773
131.307
132.016
132.584
131.546
131.247
129.862
130.594
129.93
131.179
131.091
131.365
133.442
131.72
134.439
134.482
134.098
134.26
133.636
132.827
134.039
134.607
131.91
134.277
133.822
135.644
136.357
136.394
135.605
133.896
133.334
134.971
134.522
135.019
135.468
135.119
135.884
135.039
135.962
136.04
137.33
138.21
137.705
136.637
135.978
135.768
135.01
133.982
134.703
134.62
135.54
135.994
136.141
135.989
137.886
138.241
138.731
139.475
136.678
138.492
138.777
137.537
137.993
137.798
137.986
137.352
137.46
138.238
138.054
139.649
138.268
139.31
140.481
139.874
136.667
136.934
137.248
138.201
135.976
136.064
136.195
137.968
139.935
139.887
141.329
139.016
138.542
135.947
136.457
135.767
136.525
138.648
139.81
139.908
139.16
142.167
142.098
141.763
141.132
138.975
138.302
141.255
139.45
139.509
140.012
139.26
139.171
138.89
138.891
140.859
140.878
141.312
140.542
139.17
139.292
138.694
139.525
140.564
140.916
141.874
139.696
140.377
139.483
140.784
140.103
140.104
138.045
140.124
142.598
141.065
135.724
137.107
137.591
139.111
139.965
138.943
138.792
137.261
138.499
138.846
140.67
141.783
142.863
145.937
145.135
142.024
144.878
144.786
146.376
146.741
150.478
150.68
152.482
154.013
152.896
152.79
154.865
158.155
157.819
160.858
162.394
168.423
173.003
173.733
173.881
177.205
183.712
191.757
196.972
260.009
394.017
392.865
397.253
365.594
383.449
385.358
389.419
366.851
381.599
387.758
406.574
375.823
388.633
385.159
399.631
384.123
382.644
389.931
386.965
385.993
385.086
378.462
379.691
374.213
374.106
372.995
371.261
362.803
361.979
358.305
356.497
355.276
357.365
353.96
348.127
346.627
350.189
343.837
343.512
342.492
338.338
327.236
342.545
327.997
332.67
321.923
329.645
317.942
325.006
313.781
326.239
310.18
322.727
305.12
314.559
301.051
316.045
299.094
310.945
296.414
310.367
292.176
300.085
293.018
298.881
287.43
294.955
288.782
294.703
283.58
293.776
283.897
289.428
277.841
289.299
277.478
287.492
274.539
285.196
271.33
281.909
272.095
280.542
269.003
274.612
271.108
275.619
265.823
275.567
264.91
270.541
261.889
271.279
257.418
268.741
256.501
266.276
256.093
263.406
256.242
262.524
251.473
262.885
255.065
258.045
249.378
261.244
251.203
259.977
243.038
257.693
246.334
254.312
241.868
255.135
242.616
252.3
241.26
255.286
239.92
249.421
240.4
247.035
238.41
246.894
239.595
243.947
239.537
241.018
235.755
241.054
238.633
240.57
232.074
240.861
237.663
239.461
232.353
239.885
235.12
234.58
233.542
238.956
233.468
236.006
233.038
236.887
231.363
234.671
231.816
236.71
229.692
234.332
228.788
237.676
229.06
233.403
228.548
236.7
225.556
233.479
227.948
232.928
223.329
233.943
226.526
233.629
225.606
232.693
224.831
236.368
225.877
229.82
225.668
231.657
227.387
229.949
224.232
232.024
223.893
230.167
220.58
232.168
224.478
229.236
219.574
229.049
224.559
225.474
219.898
227.941
224.645
225.557
220.59
227.583
222.082
225.668
220.281
228.955
219.742
225.873
220.213
227.106
219.621
224.722
218.567
228.17
219.128
224.161
218.264
225.992
218.024
223.19
217.509
226.252
221.725
222.304
216.607
225.214
221.671
223.7
217.241
226.892
219.443
220.369
217.083
227.218
215.182
219.431
216.603
223.532
218.93
220.945
217.108
223.621
216.689
220.418
214.896
223.434
215.297
219.949
214.922
222.281
214.218
220.994
214.863
220.891
216.283
221.848
214.813
210.106
203.513
182.087
188.18
195.49
192.858
182.066
170.475
171.404
174.582
172.145
170.282
164.094
163.301
160.314
161.974
155.844
153.36
152.406
149.634
147.174
148.141
146.703
142.596
140.936
140.168
139.426
137.895
135.434
137.64
137.494
136.876
137.233
136.29
135.012
135.132
132.724
135.791
137.039
138.146
139.323
140.655
138.152
139.427
140.376
137.33
138.842
139.228
139.919
140.184
140.205
138.467
138.353
139.513
137.554
136.935
138.121
140.239
139.639
140.699
141.116
140.54
139.381
139.389
140.376
141.404
141.042
141.556
141.695
140.294
140.387
141.456
140.846
140.865
140.353
139.552
138.719
140.145
138.501
139.785
138.511
139.235
138.932
138.341
135.684
140.14
138.017
139.178
137.361
137.289
139.4
140.27
142.098
140.541
138.517
138.783
140.463
138.343
139.41
140.135
138.787
140.735
139.876
139.552
141.524
140.203
139.501
139.444
140.029
140.554
140.232
139.55
137.111
136.24
136.025
135.865
137.117
135.856
137.33
138.688
139.011
138.465
139.435
138.95
136.992
136.491
136.962
136.56
135.637
133.144
133.896
134.396
135.168
134.406
135.594
134.415
136.834
137.416
137.482
136.595
136.168
134.847
135.327
135.152
135.129
136.07
135.308
137.4
136.948
135.964
135.308
136.107
135.907
135.616
135.949
133.638
132.682
132.775
133.886
133.292
132.505
132.859
131.519
131.292
130.351
131.833
130.681
130.893
130.591
129.043
130.746
131.389
132.558
132.296
132.168
133.576
133.529
133.457
134.159
134.462
135.949
134.942
135.057
135.891
135.287
132.445
134.68
134.07
131.619
131.682
133.015
133.684
133.598
133.858
131.918
131.638
134.719
134.66
134.105
134.69
133.832
133.725
134.744
134.953
135.152
135.028
135.859
134.542
133.636
135.072
134.968
132.506
132.898
133.27
133.377
131.779
131.741
131.461
131.211
135.421
135.684
136.592
136.468
135.929
136.642
135.933
137.833
135.321
135.409
134.776
135.417
135.097
136.816
136.87
134.736
135.907
136.025
137.922
140.09
140.732
139.85
141.589
141.377
140.506
137.874
139.583
137.813
137.409
136.359
135.148
138.551
134.789
135.712
134.607
136.304
136.264
136.946
136.643
137.741
135.607
136.052
133.966
135.476
135.1
135.816
137.704
137.556
136.361
137.164
139.452
139.655
140.198
139.304
139.685
139.352
138.532
139.016
138.269
139.288
137.145
139.545
141.472
140.663
143.036
139.679
142.11
141.77
140.663
143.346
140.715
143.993
143.132
143.33
141.205
137.415
140.17
142.056
150.735
153.124
256.772
389.623
382.268
378.722
373.154
380.499
372.005
404.412
387.254
393.399
385.53
399.737
392.466
399.62
381.195
393.329
398.358
401.512
380.264
399.375
391.213
388.933
374.525
391.705
391.456
388.675
375.763
384.475
381.602
380.144
371.322
380.01
381.645
373.948
362.799
371.505
373.237
362.899
359.289
361.214
366.907
357.879
350.559
352.628
357.505
354.089
346.013
350.018
348.729
349.244
330.754
343.616
339.287
343.01
325.345
339.301
334.222
333.716
318.368
338.776
324.943
331.035
308.701
328.418
313.357
321.435
304.929
319.502
306.26
315.106
303.088
317.237
300.765
313.619
296
308.047
300.329
310.443
288.256
308.033
297.226
309.584
288.433
304.929
291.402
307.451
284.447
299.946
289.998
301.439
280.311
299.74
285.654
300.836
281.676
294.412
282.814
296.903
277.874
290.985
276.346
290.857
276.911
285.724
277.652
286.308
273.682
285.395
274.215
283.694
273.278
284.253
270.943
282.024
270.467
281.015
267.52
279.068
269.369
280.7
266.466
279.526
264.448
278.974
260.212
277.239
263.367
275.75
258.815
274.949
259.675
275.892
258.865
271.817
261.548
272.919
261.366
268.306
257.717
270.791
260.97
268.291
257.044
269.047
257.453
264.986
257.415
266.864
255.977
261.298
254.897
264.609
253.259
262.869
254.323
261.077
250.713
261.269
254.027
261.418
251.195
258.771
254.489
258.359
248.036
258.259
252.653
260.499
250.06
259.33
252.485
256.405
246.309
257.589
250.802
256.451
245.105
253.706
247.63
255.528
243.215
253.014
248.701
256.147
245.62
250.824
244.793
251.598
243.532
251.649
244.117
250.993
244.591
250.629
243.402
250.072
242.818
248.91
242.377
248.679
240.858
250.111
240.901
247.258
241.164
246.764
240.865
246.192
239.237
244.09
239.012
245.279
241.171
244.743
238.072
246.567
240.522
245.636
239.389
244.385
239.888
246.047
236.854
242.993
239.457
244.722
238.589
241.81
239.091
242.599
238.141
241.697
238.594
242.408
237.797
238.968
238.531
243.026
239.921
240.068
236.894
240.123
236.229
237.434
235.372
241.971
235.387
237.192
237.262
241.721
236.954
231.513
220.883
193.834
200.131
210.258
205.587
194.874
183.342
183.761
185.383
182.009
175.632
171.646
169.506
165.25
159.873
155.344
155.199
151.036
148.474
149.764
146.68
142.532
141.229
139.597
138.931
138.321
137.386
134.79
135.661
135.849
133.791
133.907
133.965
133.373
135.894
137.016
136.279
135.774
137.715
135.414
135.797
135.188
134.39
134.138
134.272
135.109
134.053
134.965
134.24
134.707
132.605
133.09
134.517
134.918
134.117
134.595
133.784
133.68
133.156
135.655
136.608
136.361
134.578
136.256
134.992
136.189
134.746
134.839
136.458
136.01
135.649
136.015
135.205
134.613
136.848
136.057
134.581
136.358
138.469
137.21
136.36
137.203
137.63
136.443
137.222
135.567
135.344
137.341
134.362
134.617
132.711
135.771
134.613
134.643
134.805
134.8
133.087
133.02
133.389
132.571
131.034
129.036
128.649
129.817
130.383
130.212
129.41
129.315
131.054
131.194
130.973
130.264
130.957
130.398
130.619
130.874
130.517
131.708
128.226
129.485
129.659
129.975
129.571
129.763
131.917
132.109
131.863
133.166
135.147
134.527
133.773
133.579
133.535
132.918
133.604
130.582
131.709
132.573
132.397
134.429
133.633
133.663
131.899
130.29
131.666
131.687
130.903
131.474
132.203
132.026
132.509
131.581
131.438
133.032
132.31
132.503
134.247
134.697
133.909
135.241
133.342
133.764
133.414
133.274
133.544
134.46
134.665
135.141
135.92
135.097
136.098
133.837
136.023
137.224
135.972
134.252
133.831
134.759
134.744
135.923
134.795
135.282
135.293
135.262
136.01
134.684
135.044
135.218
136.994
138.626
138.69
136.101
135.313
136.758
136.478
135.647
136.534
136.337
135.938
138.894
138.46
140.065
138.298
138.818
139.344
139.305
142.211
139.61
140.657
140.348
141.152
139.334
140.712
144.019
140.951
142.001
138.67
138.396
137.217
137.557
136.897
133.459
134.837
135.841
135.111
137.245
136.886
137.555
138.275
135.569
136.786
135.097
136.747
135.748
136.185
138.337
138.435
137.884
138.619
136.159
136.874
137.95
138.507
138.549
137.732
137.912
139.305
137.78
138.021
138.029
136.685
137.791
138.734
139.522
138.371
139.673
140.282
136.374
134.294
135.716
137.654
137.614
138.42
137.618
138.492
139.558
140.565
139.228
138.426
138.228
141.114
139.086
140.603
140.617
140.394
141.909
142.882
143.097
143.2
144.463
145.076
146.492
144.589
145.266
143.609
144.953
147.206
146.989
146.242
147.117
144.385
146.151
145.171
144.365
143.359
143.65
143.397
144.769
149.541
146.47
143.276
147.657
149.242
151.433
148.527
146.891
145.689
144.395
149.252
144.685
144.285
144.05
143.255
142.831
145.273
143.66
146.452
149.186
150.206
148.271
149.273
146.26
145.939
147.341
148.167
151.744
149.608
149.882
148.429
151.247
153.354
151.68
152.316
151.36
151.587
150.582
150.645
151.901
155.566
156.013
151.291
149.809
157.378
152.873
153.722
154.049
152.071
156.067
152.783
154.216
154.26
155.825
154.854
155.344
153.32
155.699
157.256
157.775
156.108
158.127
155.091
157.062
159.012
158.766
161.592
161.688
163.265
161.909
162.696
159.836
161.276
163.42
162.088
162.394
161.041
161.323
161.335
163.128
165.215
168.506
171.957
174.329
176.466
178.961
175.782
174.829
177.458
179.283
