269.657
428.845
407.785
419.151
390.301
422.756
404.056
411.974
415.937
403.33
391.739
418.474
389.422
427.002
401.095
426.464
414.416
430.302
410.333
415.565
406.308
430.316
406.698
418.2
398.172
428.514
400.208
419.974
391.73
420.978
389.937
417.521
386.31
414.751
385.919
413.876
393.259
413.294
380.709
407.583
384.611
404.482
375.521
399.392
378.535
389.285
364.287
384.8
373.751
382.184
359.503
371.146
366.649
372.999
347.515
365.775
359.844
366.181
345.531
357.397
352.445
354.637
334.314
347.321
342.329
344.967
331.953
342.928
338.465
341.787
324.579
337.157
330.613
330.207
321.641
332.251
323.35
326.873
315.975
325.146
318
324.951
313.76
318.941
314.18
317.818
312.339
317.66
308.932
313.762
306.624
308.29
304.927
307.18
299.379
304.483
297.937
301.141
297.961
301.627
295.356
298.201
291.343
295.112
292.052
294.449
291.394
296.406
292.691
289.47
289.847
294.276
291.753
289.827
284.82
290.022
285.156
284.407
281.369
289.96
286.164
285.601
277.624
288.07
278.028
281.579
273.667
287.427
276.306
281.805
272.447
280.897
275.686
278.902
270.437
276.681
271.61
275.523
266.625
275.048
268.287
271.463
268.028
273.975
267.859
269.526
264.962
273.847
264.438
269.592
262.465
274.267
263.802
267.268
261.497
273.223
261.299
264.367
258.286
268.297
260.648
262.727
257.41
267.176
257.007
259.624
255.421
265.666
254.886
260.374
255.222
264.663
254.225
258.541
257.284
260.141
255.041
257.717
253.209
260.498
254.348
257.253
251.062
259.147
250.793
256.721
252.56
256.052
252.226
255.588
250.651
255.864
253.934
256.785
251.527
252.746
252.429
254.263
250.994
253.375
250.903
255.797
252.815
252.037
253.566
252.039
251.5
254.886
250.91
251.596
252.69
252.575
251.722
252.328
252.803
252.886
249.244
251.649
250.311
252.732
251.59
251.841
249.728
249.512
251.46
252.416
249.575
250.872
251.159
253.001
246.503
250.964
248.398
252.05
247.168
250.659
247.55
251.933
246.802
251.011
248.216
250.175
247.088
252.31
247.009
252.363
245.951
251.224
247.39
250.094
247.766
242.556
231.904
201.987
210.338
223.139
222.641
208.718
198.228
202.19
202.894
200.415
192.845
189.316
187.07
181.424
174.438
171.086
170.39
166.994
162.119
159.83
160.866
158.572
157.802
155.086
155.863
155.253
154.098
153.718
151.427
151.953
147.667
147.879
149.183
149.084
150.008
149.3
147.615
148.388
147.547
148.093
148.186
147.808
147.522
147.393
148.701
145.856
147.173
145.041
145.466
146.894
145.313
145.737
145.236
144.441
145.14
144.224
146.325
146.751
146.647
145.984
145.113
146.641
145.404
143
143.336
145.15
145.036
146.687
145.599
143.569
145.015
145.084
145.267
145.029
146.274
147.14
147.337
147.003
147.772
147.95
147.594
145.287
147.093
145.567
147.983
146.732
147.008
146.895
146.433
145.918
146.222
145.852
146.303
147.846
146.624
146.589
148.844
148.209
149.283
148.52
146.802
150.399
148.408
147.939
148.357
147.022
146.071
149.087
148.149
146.164
146.442
146.492
146.987
147.08
147.768
146.463
146.151
146.412
145.991
145.483
144.737
144.696
145.41
145.052
145.157
146.562
146.68
146.188
146.5
145.407
146.37
145.852
145.989
146.185
146.37
146.154
147.933
149.263
148.394
149.208
147.452
147.894
145.732
146.075
146.023
146.966
146.806
147.828
148.164
147.203
147.719
147.243
147.235
147.715
148.6
149.248
147.675
148.7
145.304
147.084
148.116
147.064
146.707
145.529
145.855
147.619
147.216
146.103
146.294
145.31
146.44
145.7
145.159
146.651
144.018
143.757
144.413
143.887
143.076
142.28
144.376
142.301
142.598
143.459
143.058
142.956
142.803
142.27
143.038
144.838
145.293
145.636
145.184
144.044
142.815
145.13
145.378
145.68
144.945
143.734
145.514
144.022
143.418
143.536
144.243
143.343
142.887
143.276
142.356
142.433
143.004
143.153
145.499
145.379
145.637
144.456
144.892
145.167
145.352
147.222
144.499
145.99
145.406
144.659
145.406
147.764
147.203
146.77
149.443
149.263
149.534
148.162
149.844
149.558
147.399
148.837
148.426
147.333
148.628
150.25
150.902
151.82
154.487
151.87
151.103
150.24
150.677
151.051
151.826
152.606
152.69
151.684
151.762
151.147
151.764
150.613
148.956
148.66
148.873
150.395
150.706
151.382
152.692
153.453
152.696
152.393
152.574
153.75
151.611
149.406
148.053
146.528
146.952
150.856
149.696
150.928
151.948
151.277
153.915
153.826
153.17
152.662
154.518
153.601
155.103
157.694
157.271
156.163
158.56
157.003
159.379
160.408
159.508
158.817
156.067
159.768
155.211
154.925
156.33
156.178
156.352
154.676
157.459
154.759
154.75
153.337
155.864
155.052
156.115
154.127
158.688
157.896
158.551
156.395
158.122
158.83
162.24
163.031
162.855
163.449
162.644
167.313
165.194
166.641
168.885
170.401
171.543
171.386
166.148
169.425
166.35
167.286
166.398
165.122
166.305
166.861
166.883
169.172
168.024
166.709
170.515
169.005
170.696
168.261
173.887
177.646
175.267
177.783
177.799
175.705
182.405
180.353
181.069
181.133
182.859
184.174
184.54
177.072
183.999
182.803
180.865
184.476
189.44
191.499
196.663
196.219
200.068
207.851
269.657
428.582
408.521
419.432
390.689
420.561
405.293
409.738
412.902
414.938
396.582
414.99
415.987
423.671
401.431
419.706
414.84
404.873
405.702
414.146
419.078
407.46
402.97
413.152
416.624
413.113
399.329
416.129
411.21
417.008
391.022
417.543
395.661
416.515
385.056
415.048
389.126
413.455
380.747
406.039
385.792
407.304
375.648
398.174
371.294
390.949
367.36
388.7
361.435
379.242
358.471
379.376
351.043
371.698
350.679
365.297
344.769
363.227
344.514
353.841
338.174
355.113
335.585
346.748
331.792
347.032
330.782
340.092
324.425
340.451
321.91
335.88
317.07
332.749
314.347
330.261
314.885
331.145
307.272
327.755
312.528
323.579
303.623
324.26
303.566
314.113
302.011
314.347
302.236
306.699
297.792
312.115
299.466
303.144
292.471
308.469
297.553
299.777
286.945
300.457
287.554
297.071
284.818
298.446
284.767
290.374
282.817
293.944
283.66
285.991
279.402
289.33
277.297
282.316
276.661
286.462
275.016
278.643
274.896
283.198
271.041
277.491
269.801
278.603
267.351
276.265
266.467
277.366
266.749
274.257
262.368
276.006
263.901
270.899
260.747
271.692
261.741
271.131
260.978
269.582
259.833
267.236
258.391
268.883
256.348
265.549
257.448
269.329
253.3
264.173
257.503
267.015
250.812
265.586
254.773
265.9
249.02
264.156
252.11
261.901
248.246
261.915
250.335
258.38
246.584
259.917
249.271
257.238
248.646
260.351
250.544
256.876
245.281
258.931
250.212
257.685
249.265
259.155
249.549
255.748
245.375
254.51
248.746
254.865
248.16
251.262
248.167
256.177
246.566
252.284
247.536
251.115
247.572
253.397
245.904
251.701
242.496
249.617
244.951
252.476
245.325
251.306
245.089
253.71
242.657
249.074
246.35
251.185
243.727
248.577
245.807
248.864
245.033
249.406
245.022
248.984
243.947
248.712
246.273
249.9
243.293
250.198
243.489
250.452
245.096
248.228
244.948
250.308
242.299
248.297
243.886
249.042
243.537
249.272
243.564
248.21
244.504
249.685
244.717
249.47
242.674
249.105
245.899
248.095
240.823
248.963
244.866
247.531
242.159
246.79
243.895
241.128
224.11
196.036
204.989
215.813
214.113
205.076
193.412
192.357
196.121
191.797
187.871
182.395
180.04
180.309
174.665
167.393
166.816
161.403
160.313
157.753
157.042
152.659
152.018
151.239
151.225
153.589
153.794
152.307
148.512
149.506
146.802
148.495
148.72
148.02
150.217
149.88
149.722
151.217
152.871
148.986
150.453
150.736
149.241
149.341
148.338
148.024
150.177
151.301
151.64
150.98
150.579
150.992
152.399
149.327
150.583
151.571
151.413
150.038
148.241
148.058
149.524
151.595
150.454
150.526
148.268
150.291
147.996
149.259
147.379
148.542
149.81
149.595
149.107
150.692
150.114
149.646
148.405
147.382
147.297
148.587
146.451
149.046
148.93
148.415
146.614
147.4
148.232
149.242
148.948
148.132
146.569
144.776
144.846
144.586
147.038
146.411
147.029
148.086
147.181
145.464
146.38
147.024
146.375
145.503
147.314
145.317
145.789
145.585
147.156
148.436
148.553
149.351
148.004
145.987
145.785
145.665
145.58
145.678
146.783
146.031
147.224
147.888
147.339
145.821
145.259
144.617
144.592
144.261
146.881
145.884
143.799
144.442
143.488
144.045
144.354
143.847
143.405
143.77
142.261
143.041
142.631
141.966
141.974
142.848
143.149
142.471
142.434
143.493
143.84
142.381
144.799
144.695
145.401
146.001
146.133
145.261
144.046
143.767
145.788
144.76
144.523
144.074
144.197
143.317
142.082
143.563
142.514
142.3
142.448
142.743
143.495
142.953
143.356
144.785
143.73
143.336
143.66
142.76
143.357
143.386
143.377
143.032
143.794
143.604
142.58
142.596
143.357
142.821
143.618
143.649
144.421
145.756
145.115
143.866
144.381
144.577
144.27
144.919
146.01
145.989
146.57
146.35
145.826
146.688
146.523
146.537
144.89
143.081
146.035
145.714
147.319
146.835
146.625
147.903
147.66
145.883
149.582
149.531
147.506
146.769
147.355
147.841
147.421
147.72
146.775
147.734
144.972
144.855
145.735
145.034
145.008
144.18
141.901
143.006
144.401
143.458
145.077
145.217
143.191
143.817
145.671
144.962
146.079
145.946
146.94
147.416
146.909
148.06
147.981
151.726
152.753
152.239
151.314
151.789
152.055
153.445
150.661
151.996
152.777
151.113
149.996
149.104
150.389
151.922
151.154
149.136
149.83
150.604
153.319
154.03
155.353
155.727
151.735
153.007
150.605
148.114
148.541
149.496
148.292
150.511
149.729
149.688
150.377
153.06
149.289
149.374
153.108
151.379
149.585
150.374
151.222
152.631
152.856
154.739
158.388
154.981
151.087
151.461
154.308
155.911
156.654
157.472
157.292
164.277
169.36
179.494
189.769
192.601
269.657
428.715
407.644
418.825
392.571
422.58
403.12
407.115
414.942
403.053
398.313
417.443
422.022
421.531
403.227
425.373
411.116
428.815
410.033
422.049
417.499
428.739
406.715
410.654
413.592
422.488
399.526
416.958
405.438
425.896
387.66
417.344
396.308
422.41
383.899
411.49
391.027
411.983
379.497
397.814
382.208
398.233
369.926
386.78
372.77
385.207
363.295
379.316
363.866
379.196
354.311
371.502
355.617
369.282
345.698
360.237
345.531
357.893
334.648
350.756
340.841
349.132
329.74
340.547
336.466
343.551
327.2
339.301
325.861
335.256
318.711
332.464
318.307
329.774
311.954
326.984
312.517
321.435
307.987
321.587
309.287
314.676
302.845
315.357
303.55
309.868
292.827
311.984
296.119
303.541
294.241
308.104
288.05
298.275
289.749
302.827
288.473
298.147
288.178
297.518
282.939
293.328
282.051
292.491
280.897
290.443
281.281
291.198
280.497
288.115
279.241
287.571
275.354
282.054
275.206
283.397
273.439
283.13
272.372
279.422
271.21
279.41
271.076
276.59
267.833
273.012
267.614
275.751
268.763
273.286
266.149
276.417
266.902
272.896
264.453
273.553
265.63
271.559
261.552
274.104
260.033
267.943
260.527
270.589
259.543
267.486
260.689
268.049
257.893
264.738
258.247
265.028
256.077
260.907
254.995
266.241
255.624
260.693
254.797
260.615
251.63
259.441
252.152
259.815
252.333
259.807
253.142
259.993
249.547
259.94
249.194
256.336
246.798
258.144
249.761
255.727
249.478
256.699
250.493
255.522
248.528
256.885
248.537
255.725
248.909
256.756
249.709
254.966
249.844
256.643
247.308
252.976
249.428
257.076
248.045
253.618
249.902
255.418
248.149
254.191
248.608
252.401
248.318
254.284
249
251.326
249.25
252.045
247.475
252.731
246.688
250.647
247.12
251.841
246.774
250.474
246.759
249.458
247.947
249.705
247.518
249.08
248.224
247.907
246.984
248.433
246.978
246.833
244.549
249.348
246.484
246.512
245.527
250.201
245.843
246.714
244.654
248.757
243.746
247.33
248.577
249.021
246.348
248.048
244.487
248.687
244.482
247.318
247.245
249.132
245.881
240.06
225.278
197.767
206.916
215.924
213.801
205.092
193.857
189.834
197.02
192.698
191.193
184.421
180.947
177.759
171.123
168.317
164.329
163.266
162.576
157.758
157.116
153.589
152.321
154.434
156.078
155.322
153.82
155.36
153.149
150.991
150.44
149.261
149.101
148.695
150.179
149.324
147.4
151.565
153.305
153.644
153.141
152.82
154.843
154.49
154.271
151.996
151.215
151.946
150.026
149.824
151.064
153.431
151.909
149.103
151.914
151.65
151.28
149.911
148.501
148.072
148.019
147.56
147.955
149.022
146.318
147.314
147.538
147.673
144.74
144.219
146.84
146.922
148.066
147.117
146.48
144.88
145.298
145.655
146.762
145.831
145.733
146.455
147.066
148.191
149.156
148.138
146.523
146.573
146.69
147.588
149.902
149.234
149.024
149.536
149.841
149.984
150.942
150.379
150.272
150.688
150.5
150.184
149.956
150.319
151.085
151.985
152.074
149.687
151.417
152.397
150.65
150.122
148.241
148.958
147.703
147.982
148.876
148.017
149.405
150.922
148.863
150.493
150.631
150.743
151.604
150.357
150.852
151.705
151.593
151.163
150.823
152.953
153.746
152.511
151.042
150.724
150.415
151.096
152.21
151.938
153.501
150.702
152.034
151.612
152.271
151.201
151.333
152.377
153.098
155.509
157.495
155.798
153.733
152.955
155.043
153.674
152.768
152.143
151.949
152.181
151.707
151.577
151.776
152.396
151.855
150.306
151.751
151.16
151.351
151.023
150.299
149.755
150.848
150.839
149.971
151.538
151.313
151.267
152.017
151.824
153.202
152.512
152.86
151.698
152.713
152.266
155.027
154.744
153.366
154.306
155.61
155.593
154.996
155.581
154.004
152.464
152.868
153.643
153.587
150.554
150.568
148.302
148.968
148.502
149.471
147.921
149.277
149.268
151.595
150.376
151.762
151.812
150.152
151.208
152.896
152.438
152.48
151.107
148.615
150.923
150.724
150.335
152.515
151.623
152.278
152.133
153.109
153.091
152.662
154.276
151.929
153.028
153.01
152.427
152.27
151.754
150.372
151.587
151.753
151.759
150.236
150.471
150.951
150.996
150.079
150.711
149.405
149.888
152.426
153.331
153.513
152.613
153.603
152.72
155.521
157.823
155.926
155.071
155.992
156.853
157.299
158.268
156.893
156.13
156.347
157.183
155.546
156.391
155.677
154.386
157.519
156.154
154.95
154.114
154.36
154.823
153.054
151.463
154.12
152.193
153.29
152.889
156.297
155.771
158.706
159.546
158.341
158.21
159.216
161.302
158.81
159.23
159.118
163.085
165.438
165.207
169.043
175.07
269.657
428.696
407.792
419.069
392.529
419.725
404.713
416.534
411.555
411.844
396.011
418.45
422.556
424.888
401.913
425.539
418.713
428.171
404.765
422.591
408.488
426.875
400.83
419.812
408.9
423.462
397.811
417.586
402.387
419.668
390.896
418.666
400.935
410.464
385.427
412.962
398.725
398.563
379.871
403.292
384.727
388.561
375.604
392.459
371.881
382.243
363.824
389.794
361.717
374.702
353.51
379.151
353.139
363.859
345.472
368.281
345.545
356.146
338.168
355.876
336.986
349.421
327.534
346.195
328.602
344.089
323.617
342.277
322.39
337.875
317.958
335.874
317.846
332.421
313.667
327.727
314.783
328.192
311.7
326.097
307.692
322.16
307.367
321.503
303.365
313.638
297.094
317.142
299.675
304.703
295.018
307.061
296.299
302.266
286.759
302.676
292.582
298.117
283.409
300.053
287.301
293.17
282.209
296.449
285.408
289.845
280.418
291.208
283.96
288.632
275.074
290.25
280.717
289.337
274.544
285.697
279.564
283.966
271.718
286.363
279.831
281.288
269.477
282.143
277.762
277.104
268.399
278.92
275.903
274.155
263.625
279.311
270.356
273.055
265.731
275.512
269.935
271.434
262.996
272.069
268.107
268.587
261.623
271.466
268.089
268.975
259.005
272.207
264.657
266.567
258.61
268.411
262.049
265.586
256.316
267.739
263.048
262.573
257.172
264.747
257.993
261.455
254.461
265.079
257.148
258.697
254.633
263.082
258.032
257.755
252.204
260.974
257.439
257.07
252.929
259.991
255.543
256.727
252.388
259.076
257.505
254.601
252.274
255.973
255.797
254.198
249.61
257.889
256.519
253.231
247.953
258.606
253.4
253.768
247.254
256.977
255.208
252.539
249.73
257.933
253.492
251.932
248.267
254.385
250.769
253.288
248.089
255.297
250.23
250.867
248.567
253.871
251.041
250.384
248.703
254.572
251.742
251.366
245.789
251.622
249.012
250.184
248.028
251.649
250.47
249.606
247.72
250.149
250.542
249.809
249.056
249.635
250.661
248.798
245.876
248.642
249.563
249.16
246.716
249.298
249.752
247.387
246.009
247.907
250.345
246.339
244.147
250.5
250.703
246.342
245.358
239.985
225.517
200.318
210.249
222.463
219.355
209.847
194.518
194.431
193.454
195.651
191.965
185.294
184.36
180.692
177.567
173.201
167.486
166.749
163.073
163.475
158.584
159.082
157.601
154.421
152.872
151.207
150.336
150.414
150.636
150.218
147.716
149.228
148.111
147.909
148.675
148.881
148.533
147.496
147.268
148.075
148.614
150.066
149.198
149.507
148.658
148.141
148.44
146.845
147.882
146.635
146.429
144.775
147.47
145.227
144.674
146.624
147.228
146.231
145.309
146.351
145.837
145.248
145.974
146.624
144.521
144.326
144.257
145.037
146.63
146.42
144.926
144.226
143.716
145.118
145.462
147.709
148.474
148.085
148.118
147.627
149.138
146.341
145.756
146.568
146.05
146.112
146.766
146.107
145.451
143.17
144.427
143.346
143.41
143.322
144.397
143.843
143.106
143.841
143.421
142.813
145.831
144.535
145.374
145.259
145.843
147.852
147.147
146.966
147.151
146.969
147.712
146.567
147.894
147.184
149.739
148.533
149.416
148.08
148.874
148.663
147.458
146.905
147.644
147.503
148.854
148.238
148.432
150.045
148.507
150.308
148.867
147.381
147.88
148.142
147.246
148.395
148.334
148.607
148.814
150.461
150.569
148.835
149.095
147.738
147.819
149.872
149.158
148.202
148.204
148.13
147.931
146.824
147.644
149.075
148.22
148.226
148.819
147.673
149.467
149.267
149.521
150.288
148.962
148.826
149.596
149.188
149.471
149.723
148.403
147.958
148.223
146.903
145.933
145.496
145.962
146.897
145.917
149.105
151.028
149.355
149.899
148.409
147.801
148.278
148.306
147.469
146.534
144.604
145.426
145.698
145.115
144.433
144.091
143.622
144.732
144.721
143.486
143.823
144.796
143.367
143.8
145.911
144.463
142.175
143.526
145.21
146.073
145.32
147.252
147.957
148.538
146.713
146.858
146.019
144.435
145.627
145.784
147.655
147.861
148.49
148.549
147.106
146.766
147.024
146.872
147.442
148.57
147.855
148.198
148.057
148.384
146.144
148.725
151.076
151.21
149.769
149.863
149.967
151.001
149.57
146.915
148.016
147.416
152.051
151.767
151.367
153.001
151.925
151.668
151.579
152.48
152.592
154.888
153.478
153.781
148.114
148.384
148.287
150.776
149.067
154.379
153.142
151.436
151.114
150.504
150.066
149.491
150.57
151.485
151.36
154.036
152.778
156.848
156.197
154.612
156.319
155.01
156.335
155.153
155.775
153.863
153.337
154.95
154.858
154.886
153.316
153.622
154.841
153.823
155.612
154.371
153.819
153.001
154.503
153.635
156.234
157.675
154.876
157.609
160.677
161.233
161.25
164.276
163.919
168.92
174.527
176.015
186.197
269.657
428.805
406.484
418.717
392.32
421.981
404.343
404.027
414.463
409.16
394.169
415.739
391.509
428.46
398.652
422.305
407.418
427.186
406.55
421.403
405.008
431.803
403.971
420.824
400.223
420.921
401.264
419.194
386.425
416.633
390.665
419.2
383.903
409.805
377.34
404.496
379.151
401.244
366.792
393.33
372.947
391.365
364.623
385.284
366.932
382.861
358.945
377.901
364.81
368.373
351.194
363.834
361.338
361.385
343.138
354.02
353.686
352.12
336.717
354.238
346.812
346.062
333.086
342.881
344.232
342.388
326.742
334.671
340.807
333.825
320.455
332.122
331.486
327.867
318.382
327.802
319.811
324.088
314.233
325.464
311.542
317.01
310.383
321.141
305.986
316.135
307.557
309.519
300.528
311.349
301.704
305.185
297.287
305.234
295.524
298.762
291.873
298.286
293.248
296.465
289.546
292.677
290.629
292.987
286.262
291.036
287.679
289.792
283.779
287.513
283.703
284.974
282.992
285.129
283.492
283.458
276.947
283.822
278.036
282.117
275.67
279.915
276.525
280.393
272.709
279.486
273.441
275.979
269.97
276.637
270.904
275.193
271.394
272.074
268.62
272.021
265.551
271.186
267.883
267.124
263.883
271.046
265.201
266.141
264.108
270.116
263.022
266.84
263.379
267.706
260.181
265.152
260.032
264.689
260.81
263.297
257.827
262.566
258.049
258.006
255.556
263.557
254.527
260.412
254.523
261.58
256.964
256.861
253.386
259.382
253.965
258.708
249.384
260.151
252.964
255.616
252.809
257.605
251.953
255.479
251.388
260.241
253.106
257.025
250.622
257.206
253.677
255.657
246.912
256.463
253.92
252.307
250.154
257.175
251.729
254.446
249.041
256.509
252.701
251.907
249.325
253.418
250.155
249.8
247.609
250.745
249.94
251.33
248.627
251.871
251.585
253.134
249.07
254.039
249.645
254.266
249.78
250.734
249.924
255.02
250.024
250.229
248.049
251.37
249.94
248.662
248.981
249.272
248.627
249.681
247.584
251.192
247.843
249.174
248.642
252.228
248.238
249.464
246.394
251.808
246.965
247.928
244.442
251.889
247.834
249.486
245.636
250.347
247.428
248.245
244.783
243.315
233.03
204.315
207.888
217.626
215.616
204.079
192.699
192.723
196.366
190.846
186.805
182.471
182.49
179.135
172.391
172.658
169.521
168.741
166.467
163.196
163.95
166.331
165.704
162.578
160.368
159.801
158.402
157.023
156.2
150.92
152.34
154.308
152.365
152.358
152.608
152.258
149.591
150.562
151.375
151.422
150.579
152.55
151.932
151.751
149.36
150.453
153.398
153.569
155.247
153.896
154.104
152.683
152.735
153.151
153.127
155.145
154.294
152.713
151.659
149.908
149.529
148.707
149.613
150.055
150.149
150.407
149.153
148.505
148.489
149.163
147.615
147.703
146.755
146.704
148.887
147.799
146.214
146.617
148.296
148.602
149.709
147.894
148.288
149.252
148.116
148.172
148.36
147.847
148.131
148.918
148.072
150.016
149.555
149.626
149.304
148.033
148.543
148.589
148.508
149.519
148.196
148.961
148.032
147.332
146.725
148.941
148.498
148.943
150.644
148.397
148.242
147.49
147.707
147.71
147.914
145.786
145.752
147.844
146.829
147.802
146.075
147.041
147.789
147.488
147.339
145.397
144.515
143.315
143.692
144.279
145.547
144.392
143.725
144.022
144.147
144.554
146.129
146.58
146.593
146.188
144.744
144.765
143.809
145.629
146.444
146.072
145.842
145.897
145.178
145.971
146.329
146.086
145.856
146.109
144.942
145.996
145.339
145.81
144.778
143.82
145.134
147.109
145.455
145.458
144.04
145.22
146.165
146.552
145.46
143.042
144.196
144.976
145.841
147.985
145.957
146.479
146.907
146.848
148.201
148.152
146.796
147.425
148.102
147.233
146.899
148.785
146.946
146.744
148.557
148.257
149.336
149.687
151.091
151.845
150.936
150.017
152.614
151.803
149.441
150.724
150.799
149.65
150.316
150.085
150.292
152.097
151.637
148.263
149.638
152.398
151.155
149.99
149.642
149.506
148.514
145.987
144.57
144.971
145.707
145.64
148.166
147.618
147.324
148.155
147.169
147.215
148.259
149.258
148.316
147.78
148.123
147.8
146.384
147.739
149.652
147.488
146.95
148.318
150.67
149.72
149.076
149.271
150.627
149.728
152.436
151.998
151.561
151.757
153.811
154.288
154.596
153.478
152.098
153.303
150.427
152.617
153.156
151.459
152.784
153.555
153.993
157.382
156.402
156.632
154.657
158.279
157.137
156.112
155.703
155.244
153.528
153.639
154.879
154.993
156.761
152.86
155.019
154.73
156.949
157.096
155.529
159.141
154.18
153.773
152.649
154.047
152.631
152.431
155.567
156.065
155.037
154.628
156.51
156.337
157.031
156.567
156.21
156.601
154.976
158.332
157.48
160.157
162.821
163.636
163.698
163.05
165.597
167.068
165.616
163.16
164.174
164.824
169.595
170.647
171.452
171.773
172.503
166.773
165.929
165.524
170.227
171.731
172.1
166.563
170.75
169.723
171.209
174.759
177.197
180.824
182.577
184.194
186.576
192.442
190.772
192.929
191.884
191.022
269.657
428.863
408.988
418.472
393.99
418.895
404.314
397.693
414.396
411.281
395.939
418.597
378.371
403.446
398.159
422.651
390.56
428.474
403.474
411.879
401.111
428.636
404.716
413.153
401.098
421.712
402.981
408.787
394.603
425.901
392.856
408.33
386.096
418.957
387.804
408.463
382.204
412.324
383.412
411.306
379.951
404.16
376.79
395.718
373.348
390.37
363.788
382.433
365.969
378.858
358.101
370.968
357.627
366.594
352.417
364.951
345.931
357.637
337.571
352.295
339.36
345.547
335.015
347.083
336.533
341.413
323.485
335.149
323.62
334.746
318.033
328.322
318.171
328.6
310.185
324.436
317.671
321.804
308.275
317.548
307.242
316.543
305.557
313.467
300.466
306.964
297.552
308.513
297.693
302.188
295.513
305.553
292.877
293.853
288.027
303.441
289.255
290.61
284.156
298.526
286.828
289.195
283.333
293.619
283.641
284.048
279.27
288.914
280.985
283.755
277.374
287.295
278.263
281.212
276.973
286.085
275.544
279.623
272.76
284.205
273.44
278.902
271.997
281.14
272.533
275.546
269.607
276.469
268.713
274.375
267.965
274.207
267
272.998
265.59
270.687
263.086
270.557
264.485
269.853
261.116
268.489
260.987
267.892
257.689
265.664
259.412
267.955
260.078
264.073
257.744
265.514
256.178
263.681
256.508
264.005
253.34
261.639
253.694
262.655
249.415
257.954
252.768
256.377
249.956
257.591
248.593
258.726
251.156
256.497
249.305
258.728
250.743
256.692
249.935
257.22
247.919
257.049
247.074
254.778
244.815
253.562
246.051
253.988
246.659
253.316
246.406
253.945
243.115
252.248
245.261
251.435
242.837
250.5
243.776
250.389
242.872
250.808
243.955
250.418
241.984
251.191
242.002
248.429
241.328
250.457
241.599
250.049
243.664
250.97
242.643
248.034
243.104
249.811
240.681
248.809
244.956
248.696
242.137
247.157
244.977
246.801
240.955
248.504
244.846
247.651
241.686
246.388
243.73
247.106
240.24
246.179
243.362
244.596
239.294
247.746
244.909
245.08
239.625
247.415
245.428
246.218
238.714
244.557
243.949
244.396
236.982
244.677
240.868
242.966
237.748
232.79
223.455
197.896
202.621
216.738
214.308
201.139
190.55
189.188
195.968
191.811
186.383
178.394
175.966
175.938
172.27
165.747
162.927
160.67
160.285
156.68
159.414
156.516
154.248
153.743
151.223
153.218
153.251
151.349
150.45
150.247
151.055
151.731
151
152.714
152.459
152.9
153.006
152.416
152.141
150.057
148.925
148.562
148.574
150.027
148.724
148.551
150.173
151.522
148.972
147.871
145.502
145.577
146.153
146.119
146.693
146.029
146.37
147.936
147.349
146.37
147.131
146.391
146.761
146.365
145.377
146.347
146.647
146.264
147.131
145.073
144.038
144.655
145.924
146.274
147.512
148.619
148.805
148.911
149.062
148.388
147.165
147.795
147.068
146.306
144.928
146.102
147.298
147.603
147.19
148.313
148.047
147.843
147.249
148.786
147.66
147.692
146.363
148.444
148.504
146.946
144.754
145.761
145.233
145.481
146.003
144.161
146.953
144.752
145.871
144.657
143.467
144.375
147.174
147.26
147.533
143.332
144.028
144.576
143.66
144.222
143.855
145.398
146.185
146.697
145.145
145.359
146.691
144.779
143.957
146.746
146.881
144.588
145.101
144.66
144.672
144.017
144.28
143.945
143.494
145.088
143.881
143.353
144.91
145.267
145.621
146.25
145.445
144.874
144.491
144.37
144.033
144.383
144.187
143.273
143.549
143.36
144.09
144.585
144.041
144.268
143.654
144.035
144.015
144.115
145.528
146.141
146.933
148.518
147.776
149.32
147.648
150.091
150.098
150.887
148.308
149.075
147.441
146.601
147.038
146.803
150.292
151.49
148.759
148.281
147.876
146.634
147.84
147.864
149.083
149.036
151.895
150.188
150.807
150.174
149.56
151.028
150.562
149.048
146.825
145.415
145.471
146.247
146.196
145.95
145.836
146.029
144.176
145.622
145.054
146.551
144.577
145.816
146.749
148.451
149.104
147.927
145.822
147.865
148.938
144.489
147.214
144.658
145.621
146.618
146.707
145.515
144.96
146.525
145.966
144.291
147.955
149.657
146.558
148.009
146.606
147.434
146.831
149.187
149.076
146.876
146.449
146.052
146.355
146.329
147.335
150.721
150.795
152.979
153.014
152.84
151.813
150.385
149.758
151.976
149.687
150.957
149.765
149.289
150.793
153.749
153.778
155.813
155.102
153.926
152.897
153.254
151.435
153.028
153.696
153.686
152.17
151.952
152.037
150.705
149.845
147.232
147.795
148.128
151.639
152.187
152.58
151.934
155.408
155.651
153.727
153.573
156.465
158.332
156.596
156.065
154.579
153.633
152.773
154.166
153.582
153.145
153.896
155.911
156.349
156.185
157.33
155.442
154.199
152.954
155.825
157.005
157.055
157.483
159.17
158.455
159.42
160.382
158.795
156.76
157.574
156.682
155.009
156.822
161.358
158.899
160.46
159.213
157.561
162.815
161.668
166.961
164.566
161.837
162.883
167.086
171.186
172.632
176.047
179.164
176.32
181.409
179.986
181.815
269.657
428.157
408.013
418.734
391.923
422.941
404.939
408.975
418.678
404.861
394.385
419.829
380.907
407.012
399.679
428.801
381.356
419.733
405.242
420.868
385.933
420.146
404.213
415.619
389.129
422.144
395.835
417.401
382.079
421.035
384.503
415.41
382.186
415.598
384.2
408.868
378.515
412.305
377.606
405.1
376.156
402.808
374.154
393.192
376.84
397.238
362.561
384.279
369.236
394.628
356.171
377.686
364.186
385.159
349.076
375.336
357.394
377.228
341.991
365.274
349.579
368.556
337.593
356.327
344.721
359.487
331.063
349.452
334.644
351.296
324
343.416
332.618
341.411
317.203
335.016
325.368
338.562
312.4
328.314
317.336
330.683
309.103
323.701
312.139
325.829
303.673
321.222
306.489
317.862
298.604
317.342
303.973
316.694
293.503
312.183
301.553
307.701
288.465
306.785
296.005
302.599
288.014
302.256
295.652
299.047
281.905
299.694
292.967
299.052
282.228
295.114
287.773
295.701
281.04
292.664
281.605
293.607
279.544
290.276
279.652
292.449
277.895
290.184
277.566
289.307
277.335
287.098
275.878
287.085
275.16
287.022
273.955
286.518
271.546
283.108
271.742
283.983
269.824
280.567
267.841
282.896
267.664
278.593
266.218
280.825
267.144
274.704
264.029
276.652
265.703
273.477
263.23
273.834
262.309
269.567
262.147
270.71
259.205
267.03
261.819
273.095
256.785
265.471
260.393
269.064
257.862
262.885
256.606
269.206
256.897
262.073
253.129
264.611
256.076
262.138
255.817
261.39
255.284
262.293
255.985
260.74
256.622
262.5
254.011
261.834
253.021
259.27
252.394
259.824
252.223
258.987
251.672
261.526
252.588
255.658
250.304
261.908
250.424
256.021
251.966
261.376
247.879
256.771
249.894
258.902
247.802
257.48
249.65
260.316
248.052
257.201
249.892
258.231
247.249
258.027
248.763
257.128
246.72
254.695
251.074
256.813
246.426
253.446
250.263
257.424
248.309
254.342
249.066
255.546
247.683
254.448
248.059
255.659
246.181
253.246
248.483
253.893
246.711
253.143
248.899
252.942
247.023
252.92
248.865
256.38
247.501
253.401
247.396
255.522
245.413
240.461
228.637
202.197
212.754
222.49
218.852
205.716
195.924
194.852
199.812
196
187.862
181.11
178.72
178.23
173.253
171.988
169.654
168.714
165.948
162.173
158.529
156.395
155.191
153.377
154.522
153.293
151.27
153.875
154.348
151.913
150.972
150.098
151.598
151.134
148.909
149.753
150.484
148.129
148.262
149.091
149.266
148.241
150.444
149.931
150.583
148.151
147.737
149.686
148.57
149.383
149.98
150.865
150.213
149.881
149.418
149.993
149.206
147.002
149.822
149.125
147.741
147.446
146.687
146.623
147.674
147.951
147.76
146.304
146.235
146.787
145.924
144.762
145.431
144.862
148.206
145.084
145.922
145.114
145.681
148.368
149.216
148.087
148.666
147.736
148.999
146.332
146.303
145.989
145.882
150.408
148.989
148.055
147.226
147.424
149.044
147.679
147.359
147.722
147.898
149.587
148.294
147.054
148.36
149.068
148.287
148.773
148.606
148.393
148.277
147.965
148.211
149.348
149.02
149.765
149.606
147.839
149.479
148.789
147.408
149.421
148.823
148.961
149.663
148.19
149.744
149.287
147.855
147.969
147.079
147.495
148.165
149.396
150.5
150.397
149.088
150.797
150.984
151.903
150.929
150.163
151.073
151.237
151.733
150.262
150.505
151.892
152.79
150.493
149.768
153.311
151.189
150.874
150.219
151.724
150.76
150.091
150.793
149.914
149.064
150.267
151.302
150.255
148.987
150.074
152.022
152.822
150.445
150.552
149.821
148.175
148.515
148.835
151.076
150.851
152.47
151.719
151.322
149.75
148.251
149.528
152.851
152.956
153.048
154.419
152.531
153.05
153.058
152.485
152.535
151.852
151.351
150.783
152.391
150.627
151.83
151.093
149.213
149.432
150.557
150.772
150.659
149.371
149.686
150.945
151.868
150.771
148.778
148.501
151.23
150.662
149.899
150.314
149.374
148.525
148.872
148.685
148.722
147.789
148.716
147.406
147.376
148.724
151.725
149.899
150.068
150.222
148.98
149.056
148.36
148.938
148.777
149.715
149.988
149.653
149.63
148.285
150.048
151.116
153.713
153.189
155.019
154.21
153.66
152.659
151.515
153.392
153.178
151.45
151.791
152.401
152.97
152.578
154.518
155.004
155.145
155.007
155.485
156.181
155.461
155.064
155.357
154.593
152.243
151.306
152.459
152.575
154.09
151.584
150.69
151.851
151.811
154.301
152.552
153.458
152.006
151.219
155.224
152.517
152.986
149.994
151.396
151.562
152.792
154.491
153.507
157.005
158.049
157.481
157.016
159.924
156.069
156.036
156.05
157.057
157.16
155.958
155.081
156.872
156.891
157.822
157.596
156.756
158.53
156.962
161.846
163.003
163.366
158.782
158.194
157.537
156.769
155.934
158.12
158.886
158.788
160.652
162.746
160.392
158.888
161.179
163.659
163.872
162.538
162.703
166.984
162.426
164.765
162.974
164.38
167.229
167.487
172.878
173.884
175.867
176.836
175.612
178.899
182.209
269.657
428.947
408.325
418.289
391.009
421.305
403.576
416.928
416.672
410.823
399.563
414.488
382.909
415.017
401.059
421.421
387.005
423.084
408.005
422.599
392.423
420.281
402.554
420.999
391.87
422.294
398.397
416.43
386.018
417.788
391.101
418.977
384.68
415.459
379.856
411.59
385.958
407.255
374.93
398.171
380.902
403.182
367.546
385.043
374.703
388.451
358.469
375.587
363.863
374.391
351.034
362.248
351.54
361.343
338.619
355.636
343.03
353.873
332.068
347.244
332.073
345.752
328.488
336.628
324.887
334.07
322.418
330.579
323.919
330.995
315.983
320.201
320.902
324.502
312.126
315.115
312.016
319.52
301.989
313.697
307.73
315.395
297.293
308.075
304.836
310.542
292.909
304.153
297.56
305.303
289.679
303.082
293.183
300.254
289.558
299.313
288.907
295.655
282.703
295.647
283.672
291.664
281.98
292.673
281.439
287.236
279.321
290.519
275.942
282.734
275.569
287.379
273.985
281.178
269.625
283.068
271.642
280.639
266.287
280.189
269.717
279.069
262.862
276.644
266.777
273.244
264.364
274.7
265.449
272.33
261.48
271.433
260.431
268.404
259.426
270.192
261.887
267.184
257.761
262.413
258.876
268.191
255.004
265.612
257.36
263.882
253.813
265.321
257.088
263.588
249.979
263.737
251.111
262.032
252.142
261.169
253.252
261.438
251.571
260.423
249.619
258.899
251.971
255.555
248.207
255.939
250.323
255.206
250.27
255.173
248.102
257.356
250.832
253.291
249.656
256.069
251.304
251.555
249.173
254.056
251.092
254.546
248.555
253.616
250.072
251.733
246.363
252.93
248.842
252.733
246.165
253.589
247.794
253.515
247.667
251.111
248.23
253.286
247.481
249.173
246.697
252.523
246.151
250.224
248.861
251.61
244.927
251.946
248.219
252.549
243.289
251.866
249.687
253.663
243.54
250.338
248.746
254.215
243.042
250.288
249.631
253.205
245.129
249.308
248.81
254.293
243.114
252.777
249.245
251.811
241.783
250.054
245.887
250.583
243.719
249.693
246.404
249.816
242.629
249.882
246.519
251.139
243.684
247.823
246.688
248.966
245.24
248.955
249.167
249.383
245.234
242.43
228.056
200.503
208.306
218.795
217.861
210.754
196.212
195.418
199.506
197.749
190.946
182.355
181.164
178.044
174.622
167.661
163.413
161.774
159.504
157.587
157.002
155.836
156.113
154.161
152.616
151.533
152.18
150.62
150.263
149.841
149.281
151.052
150.96
149.372
147.507
146.99
149.114
148.996
147.722
147.838
148.26
148.38
149.4
150.972
152.093
151.434
148.711
148.497
148.591
146.576
146.671
145.093
146.633
145.529
146.397
144.585
146.044
147.927
145.308
145.82
146.284
144.846
144.779
147.322
145.698
147.42
150.206
147.524
147.822
145.76
146.86
145.781
145.71
144.404
145.151
144.918
144.431
144.177
145.649
146.116
146.691
148.172
147.127
146.896
146.772
145.74
144.75
145.168
146.918
146.961
145.995
146.707
146.281
147.147
146.585
145.573
145.45
146.092
144.788
144.884
144.37
144.609
144.183
146.315
146.408
148.327
147.421
146.096
145.055
145.149
144.907
144.866
144.228
143.637
143.976
143.229
143.616
141.859
142.831
143.408
142.183
141.965
142.742
144.526
144.456
141.411
139.055
140.76
140.231
143.039
145.536
144.843
146.359
144.965
146.078
145.693
145.837
144.492
143.73
143.897
145.262
147.179
144.802
145.979
147.248
146.607
144.933
143.606
143.887
143.836
144.688
145.236
145.487
145.59
146.558
144.678
145.64
143.559
145.399
144.72
145.143
144.997
145.402
146.556
147.203
146.372
145.077
145.369
146.158
145.989
143.781
145.075
144.651
144.987
146.138
146.513
146.943
146.03
146.521
145.977
147.388
148.624
148.845
149.035
148.002
148.05
146.824
146.181
145.791
145.866
146.343
144.842
143.765
146.118
147.538
145.019
146.511
146.955
148.44
147.159
146.643
147.342
146.572
147.979
145.115
143.832
144.349
146.384
145.3
145.018
143.823
146.547
149.272
148.197
149.244
150.225
149.42
150.121
150.841
151.391
149.878
152.512
148.87
149.681
149.294
149.795
149.01
147.653
147.413
148.53
146.617
147.456
149.985
151.064
152.219
150.09
151.063
150.523
150.875
154.158
154.239
153.815
154.63
155.225
150.972
148.372
149.725
151.746
147.726
147.045
147.715
150.533
153.949
152.78
148.3
148.02
148.38
147.7
148.069
150.047
148.536
148.328
148.62
148.91
151.417
150.49
152.258
151.281
151.262
153.311
153.449
156.387
154.347
155.521
154.274
156.788
158.182
158.792
158.089
161.502
163.713
162.077
160.746
162.694
162.182
161.187
162.62
161.941
160.575
162.05
157.821
160.34
161.224
159.977
158.344
160.117
162.067
161.948
161.006
162.812
161.866
161.337
161.553
162.019
161.23
159.575
159.416
159.303
159.828
160.13
161.034
162.647
160.677
162.894
162.65
164.364
167.828
167.584
170.288
172.036
168.935
170.227
172.479
172.942
177.177
177.398
182.987
184.383
269.657
429.198
407.681
418.56
391.202
422.872
403.854
410.54
414.213
404.133
395.004
415.96
416.605
424.337
399
425.865
421.673
426.574
402.995
411.501
417.357
425.493
400.998
413.587
414.442
423.266
403.733
419.036
405.481
417.302
392.155
417.511
395.532
415.287
382.926
409.267
386.642
416.685
374.975
397.896
381.027
402.655
366.359
393.824
376.945
389.915
359.943
379.953
370.848
384.067
353.995
373.962
363.19
374.321
351.328
364.749
357.658
367.127
341.23
354.902
346.29
359.251
333.265
349.487
338.821
351.831
325.14
339.101
327.662
343.81
323.222
334.371
323.164
339.87
314.258
327.55
313.589
333.243
308.609
323.893
308.205
327.486
302.833
317.721
302.009
320.172
298.267
312.248
296.307
317.612
296.369
308.937
293.66
309.841
289.94
302.926
294.564
304.626
284.569
300.469
287.2
301.099
284.924
299.163
284.568
297.429
280.012
294.041
282.576
296.02
280.098
287.365
278.907
291.344
276.591
282.671
274.616
286.659
270.764
279.207
272.18
283.023
270.135
277.819
272.67
280.09
267.524
275.769
268.186
274.637
263.167
270.763
264.303
271.612
261.671
269.822
262.636
270.455
256.785
269.878
262.493
269.811
254.626
270.197
258.975
270.156
254.287
270.904
255.808
269.252
254.143
266.453
254.023
265.558
253.279
263.596
252.758
264.559
252.744
262.215
253.033
260.392
253.022
260.884
252.761
259.826
251.495
259.089
253.582
259.944
250.972
261.03
252.659
259.305
249.219
259.596
253.857
257.78
249.081
256.308
250.765
255.265
247.588
255.296
250.354
253.715
245.283
253.93
249.504
252.967
245.917
252.276
247.316
255.152
243.881
252.739
249.079
254.701
245.099
252.904
245.925
252.487
244.609
252.802
243.691
253.433
245.356
251.267
244.719
250.783
243.737
251.332
244.52
252.67
243.124
252.148
244.946
250.437
241.274
250.038
242.468
247.614
241.467
248.535
244.819
246.601
241.254
248.871
243.83
249.134
240.517
248.219
242.489
245.038
241.323
247.288
240.905
244.628
241.151
247.077
240.469
246.901
237.669
246.362
240.95
244.812
238.552
247.437
241.064
248.148
238.547
233.932
222.165
196.709
206.981
216.771
214.058
205.296
189.838
189.96
191.682
190.138
182.587
178.957
176.651
171.66
170.602
164.208
162.882
162.924
160.571
155.863
155.153
153.056
155.219
157.311
154.343
153.498
151.262
150.855
150.344
147.992
147.71
148.184
149.364
150.306
146.401
149.324
148.614
148.125
148.802
148.121
150.033
148.786
146.498
147.943
148.038
146.172
146.886
145.967
146.019
146.714
147.333
148.196
145.763
145.087
147.64
144.931
146.496
143.822
144.638
141.32
143.754
140.8
140.823
142.535
143.06
143.244
142.834
142.372
143.353
141.793
143.558
144.607
143.12
143.99
142.712
141.181
142.15
141.596
141.688
142.155
140.965
141.161
141.237
141.061
141.519
143.764
143.061
144.05
143.118
143.597
142.8
142.784
142.766
142.629
142.192
142.745
142.654
141.294
142.281
141.797
143.413
142.11
141.836
142.729
142.633
142.552
143.712
142.353
142.972
143.516
143.605
142.763
142.266
142.559
144.988
144.453
142.558
141.216
141.891
143.064
143.37
145.163
144.756
146.982
146.497
146.117
145.617
146.445
145.91
146.348
145.535
147.989
147.865
147.894
146.749
148.879
149.49
148.086
147.238
149.025
149.83
149.041
149.426
149.597
149.16
147.475
147.843
147.117
145.966
149.399
147.319
146.227
146.307
146.793
146.245
146.69
146.878
146.694
147.704
146.492
147.395
147.118
147.161
143.934
145.009
147.382
148.333
148.517
147.804
146.319
147.794
146.87
144.26
146.615
147.237
148.428
147.329
146.586
145.906
145.559
146.46
145.184
146.559
146.327
145.656
146.388
146.878
148.492
147.746
148.432
149.19
148.754
148.847
149.136
150.65
151.37
152.903
153.411
152.36
152.705
153.52
151.87
151.118
152.457
152.007
151.697
152.801
152.273
152.362
151.064
148.555
147.39
148.611
148.432
147.042
147.681
147.807
147.314
148.544
149.566
148.405
150.403
147.74
146.647
145.617
146.952
146.488
146.746
147.345
143.599
144.862
147.188
146.644
146.983
147.172
148.506
150.052
150.755
152.061
150.194
151.188
151.399
150.916
149.643
150.313
146.913
151.368
148.777
147.701
148.31
148.122
146.901
144.399
146.68
149.005
147.144
148.042
149.323
149.27
151.706
151.81
149.016
147.273
148.933
147.897
148.168
151.277
153.482
152.017
151.698
152.03
150.772
151.183
150.69
150.297
150.601
153.612
150.638
150.595
151.964
151.219
151.587
154.145
151.444
153.418
155.52
156.835
154.879
158.824
157.17
154.837
156.907
153.625
154.046
154.995
157.316
155.733
157.231
157.425
156.768
156.502
157.438
160.958
158.506
159.526
159.462
157.139
158.731
160.927
159.242
160.78
162.762
163.937
162.89
161.75
163.096
165.162
162.868
164.265
160.722
163.169
163.927
163.662
165.632
167.413
166.718
165.33
164.883
163.92
165.423
168.117
168.37
169.439
169.78
170.068
170.977
175.939
173.226
269.657
428.939
406.862
418.145
391.913
420.411
404.137
398.441
418.454
400.971
396.696
419.211
417.149
422.349
399.472
423.674
412.007
428.867
405.9
416.223
413.93
427.704
406.19
419.792
410.837
425.602
397.189
420.984
403.414
425.603
388.696
418.216
399.437
418.571
386.007
407.459
387.441
412.681
378.367
399.557
384.444
406.803
374.429
389.967
380.594
394.383
363.38
380.01
369.962
385.839
354.825
367.595
354.098
376.317
345.536
359.4
353.668
369.237
338.054
351.784
341.572
354.753
330.959
342.146
332.983
351.003
325.395
336.819
327.098
337.043
317.063
329.843
323.367
329.607
309.634
323.375
315.008
323.061
306.462
318.169
309.659
320.945
303.589
313.87
303.726
315.741
299.053
307.608
298.408
309.553
300.166
304.039
295.414
304.8
292.952
300.631
292.066
302.472
291.153
294.601
286.652
298.83
283.729
293.699
281.959
295.326
277.585
285.277
275.705
291.571
277.353
278.238
278.516
289.416
273.927
278.225
272.406
284.675
272.939
278.324
272.157
282.883
268.771
276.877
270.915
280.994
268.777
274.984
265.767
279.962
262.601
271.333
262.204
278.891
261.463
272.25
260.769
276.156
260.989
268.915
261.866
270.499
258.171
270.885
258.402
268.644
257.445
269.106
258.942
269.02
250.508
264.878
254.093
269.041
252.511
263.933
254.928
265.816
250.556
261.936
251.68
263.23
251.886
261.665
253.931
263.074
247.713
260.409
253.569
262.844
247.653
258.745
254.517
260.065
247.268
256.973
252.129
258.597
247.881
256.538
252.082
260.598
247.054
251.578
250.741
259.415
246.355
252.179
251.149
255.202
248.62
252.165
250.799
257.856
248.512
254.719
248.88
257.436
248.993
253.304
249.424
258.227
247.541
254.347
250.29
258.397
249.302
250.988
248.05
256.07
249.899
252.492
248.265
254.347
248.457
254.034
246.766
255.127
249.673
252.676
248.42
251.436
246.735
250.991
246.429
252.593
248.502
250.087
245.872
251.713
249.034
249.504
247.093
250.55
247.83
250.04
246.055
249.365
246.822
249.32
247.146
248.807
247.289
248.843
246.397
249.127
246.426
247.505
245.748
247.782
245.706
241.376
230.577
204.032
209.32
221.342
216.732
203.691
192.251
192.953
196.495
195.869
187.356
184.26
182.97
177.423
174.163
168.489
166.246
165.447
162.032
160.378
159.269
160.48
156.398
153.529
152.474
149.066
149.939
148.596
145.371
147.341
147.711
146.351
147.709
149.673
149.345
148.111
146.993
146.466
145.922
148.585
148.771
149.129
148.97
150.442
149.731
150.961
151.666
151.767
149.327
151.512
150.066
150.191
150.073
151.157
149.783
147.816
150.594
150.052
151.397
148.792
147.325
146.376
146.098
148.154
147.472
147.999
146.685
143.821
142.866
145.077
146.733
145.48
143.824
143.031
142.498
144.804
145.007
146.768
147.548
146.718
145.207
144.757
146.106
145.599
146.997
145.203
147.248
147.705
149.602
147.806
148.736
149.698
146.717
146.949
148.891
148.687
148.792
148.675
148.704
147.578
147.728
145.575
146.452
147.24
147.485
148.558
146.88
146.444
147.216
147.583
147.465
147.389
143.878
142.894
141.343
143.299
142.459
142.338
144.131
142.603
143.931
145.63
146.553
146.205
145.182
144.674
143.338
142.539
145.764
145.72
145.3
143.574
143.043
143.227
144.902
146.596
146.457
145.327
145.574
145.829
146.662
145.622
145.974
147.389
144.957
146.407
145.038
144.902
143.489
143.284
144.117
142.26
145.195
145.162
144.71
144.214
144.509
142.484
141.993
143.705
144.278
144.574
144.004
141.518
143.948
145.762
143.884
145.311
145.989
147.525
147.564
145.511
144.02
143.706
143.473
144.685
143.951
143.496
144.253
144.835
142.992
143.12
141.369
143.944
144.233
144.131
144.988
144.671
144.612
145.129
145.44
146.986
144.898
144.094
144.133
143.708
143.393
143.461
145.518
144.06
143.978
144.022
144.581
142.867
144.454
144.792
144.149
143.089
143.541
142.869
144.966
144.147
143.584
145.533
143.423
143.708
143.222
143.109
143.954
142.929
143.481
143.285
146.091
145.389
144.946
144.711
143.264
145.958
144.581
141.952
142.528
143.958
146.645
145.269
145.021
143.285
143.152
143.316
143.089
140.97
142.05
140.138
138.543
139.777
141.511
139.965
143.443
141.337
143.936
145.447
144.416
144.068
144.059
143.483
142.054
143.085
142.668
145.526
146.887
147.152
147.642
147.54
149.222
146.609
144.348
143.614
143.79
143.058
144.203
147.245
147.03
147.509
147.384
151.749
150.979
152.414
149.264
151.802
151.281
151.097
147.595
147.222
146.203
147.433
146.915
150.242
149.553
149.138
147.54
148.397
146.876
146.505
147.567
146.655
148.458
149.058
148.678
150.771
150.999
151.004
152.558
152.017
152.109
154.112
152.195
154.255
152.645
152.657
150.471
152.067
153.794
157.684
152.813
153.001
153.25
157.229
155.907
159.63
156.113
157.31
157.792
158.581
158.633
155.768
158.802
166.118
167.783
175.534
