62.194
115.043
115.639
122.416
125.755
126.013
134.18
125.706
129.47
123.377
125.863
123.944
125.475
119.393
123.096
116.289
116.04
112.654
116.826
116.104
117.639
117.204
117.589
116.596
113.868
114.076
114.442
112.243
114.346
112.031
111.688
109.684
113.349
110.412
113.886
112.312
112.303
112.064
109.225
110.583
110.479
105.79
107.286
105.884
106.154
104.285
106.423
108.638
107.623
105.689
106.153
107.609
106.792
106.949
103.714
106.564
103.335
107.69
101.521
102.399
102.819
102.865
101.36
100.262
100.636
100.632
96.6951
98.2731
96.0599
98.0006
98.7889
97.2843
97.2684
96.9801
97.7118
96.7226
95.4695
94.1735
95.9365
94.1862
94.5542
94.7911
91.1147
95.7465
92.2442
95.0428
92.5648
95.2751
93.4
92.8474
92.7725
93.067
91.2936
89.3958
89.7768
91.5745
88.1711
93.1095
90.0668
95.6852
90.0525
91.9879
92.205
94.5207
95.9384
94.3507
95.0346
94.7452
93.1502
91.1431
90.6176
91.3347
87.7161
92.5586
89.3338
92.078
89.7051
93.4873
93.008
92.5337
90.7117
91.5393
89.3505
90.9624
88.8045
89.3775
88.1707
89.414
85.782
87.5335
85.0134
86.4464
85.2096
85.143
85.3481
85.5437
83.1197
85.1379
85.9503
86.0201
85.5302
85.5668
86.511
88.6722
86.4066
86.2033
86.0383
86.653
88.6882
85.5324
86.6718
87.1324
86.5542
84.2829
86.253
84.8066
86.6493
84.1028
87.0503
85.035
86.1096
85.9203
83.6606
84.7513
84.0447
85.2079
84.4698
83.5627
82.8891
83.8781
82.7826
83.433
81.1517
83.1789
82.8448
82.9741
81.879
82.6389
82.7178
84.4075
84.4015
84.9844
84.0672
83.8587
82.6502
83.7474
84.0521
85.1902
83.2524
83.1679
83.8924
84.0938
80.9667
82.7117
82.0104
82.4242
83.3777
83.615
82.9103
81.7625
81.7141
82.8691
83.4056
85.8518
82.7249
84.766
84.554
86.7117
80.8933
84.3127
82.4386
84.5635
83.0344
84.3122
82.8334
83.5585
84.865
81.6357
82.9579
82.2889
83.3434
82.4425
82.2087
83.4075
81.957
82.8695
83.7224
83.0564
81.4134
83.4319
81.4808
83.0836
81.631
81.1685
81.6374
81.0289
80.057
80.7345
80.9207
78.1573
78.3881
78.7558
79.8626
80.7016
80.75
80.6472
79.5276
80.1703
80.194
77.8414
80.6876
78.5752
75.7997
71.0302
72.7723
75.3306
74.97
71.6016
68.7614
69.8366
69.143
70.1422
68.7692
66.6458
67.0207
66.7794
66.3042
64.0268
67.105
65.6608
65.2232
64.6314
64.1701
64.5437
62.6471
62.6852
62.3887
60.2359
60.1573
60.0028
59.8196
60.1899
60.4257
60.0115
61.0648
62.9576
62.9371
62.2325
62.5696
61.912
60.6647
59.9799
59.9328
58.8905
59.5549
58.7293
58.7204
57.4274
57.4425
58.5908
59.4304
58.5369
57.5942
58.142
57.7904
57.8974
57.6087
56.6394
56.4691
56.471
56.1385
56.8367
56.099
56.9501
58.4862
58.7362
59.6811
58.9929
59.3857
59.0115
59.0598
59.5488
59.9149
60.5944
60.9985
61.8008
61.6968
60.4129
64.5517
64.2156
64.8215
64.9944
65.3831
62.8563
62.592
62.5532
62.3846
63.4994
64.0948
64.1636
62.4043
62.5992
62.8972
63.6141
63.8327
62.6953
63.6973
64.0022
62.5611
62.9373
63.2427
62.992
63.4676
63.89
63.5324
63.9296
63.887
63.739
64.5923
64.8956
64.6519
64.736
64.1698
64.6603
64.7813
65.5024
65.3384
64.5782
64.9963
64.1042
64.8535
64.5681
64.857
64.6031
64.9628
64.9751
64.4386
64.7418
64.5192
64.3291
63.9663
64.3107
63.7457
63.7826
63.3807
62.9252
63.0389
62.6247
62.7686
63.1729
62.6837
62.0305
62.9386
62.2694
62.7915
62.6067
63.2776
62.7539
63.6115
64.0398
62.3829
62.5292
63.0957
63.1804
62.9187
63.0155
63.6969
62.6381
62.3047
62.8844
63.6741
63.14
63.6901
63.5495
64.4136
65.0841
64.7548
64.599
65.124
65.5618
65.159
66.0061
65.3239
64.9775
65.9198
65.151
65.1201
65.3423
66.581
66.121
65.4868
66.6593
66.4808
66.4324
66.3386
65.5864
67.5411
68.3416
67.282
67.6335
68.4034
68.4635
68.2014
66.3462
67.3686
67.543
65.132
66.6631
65.9352
67.0845
67.7022
68.1685
68.3111
68.8358
69.5363
70.0287
69.1296
69.6528
68.8613
68.648
69.7087
69.5408
69.2906
68.3548
70.4388
71.0735
71.4382
70.9717
71.352
71.3768
71.0912
70.8766
71.4058
71.1772
71.3688
71.0666
71.1076
72.3818
72.8416
72.5257
73.5929
72.4719
73.3448
74.7096
74.7193
73.911
74.2567
74.0756
75.4574
76.4337
76.642
77.4388
77.3254
77.6889
76.2442
78.0756
78.691
77.1065
77.2941
77.495
78.8403
78.7461
79.0724
78.334
78.5549
78.339
78.9747
79.2682
80.2178
81.0419
81.3058
81.0534
79.9948
80.92
82.2792
81.0804
80.699
81.9462
81.3183
83.2917
82.1065
82.1543
82.2372
81.9916
81.4373
81.1113
81.686
82.0169
81.2012
80.9347
81.5493
82.4019
82.7103
82.5173
84.0356
83.4343
83.6057
83.1519
82.8751
82.7465
82.4676
83.3688
84.119
84.6653
83.3911
84.4877
85.2383
87.277
87.408
87.1175
85.7632
85.6981
87.373
87.7906
86.9531
85.9656
85.8407
86.5523
87.0728
88.3675
88.3436
87.5475
88.5966
88.3799
89.6089
91.6055
94.9321
94.785
91.8902
92.355
92.0115
91.887
92.9914
91.8824
89.7472
89.7647
89.6938
90.4419
89.8446
91.4577
92.0558
93.0311
94.4
93.7932
93.0929
92.7334
91.8245
94.3094
93.5402
95.2902
98.4829
99.3965
102.618
102.652
105.196
108.34
108.087
107.615
107.065
107.797
62.194
114.955
115.906
122.439
125.113
124.851
131.711
124.824
129.453
123.555
126.694
121.906
121.134
119.567
121.552
116.285
115.597
111.963
115.674
116.728
119.442
117.33
120.752
118.733
116.547
117.579
110.77
113.305
111.89
112.096
110.635
113.52
112.529
111.835
112.804
111.368
112.992
111.627
109.573
110.345
109.889
106.904
107.316
105.297
103.755
104.286
107.567
106.415
104.545
106.123
108.884
105.152
107.948
105.276
105.987
106.702
106.553
106.725
109.741
107.898
103.883
104.513
105.316
103.717
103.356
103.507
102.547
100.3
96.7962
100.144
98.3492
95.5735
98.0737
98.5756
97.7923
97.0771
93.9125
94.9324
95.9456
94.2552
94.5551
94.3468
92.9164
94.9754
92.75
96.4049
93.4129
94.277
93.0093
95.9352
94.5199
96.1569
93.4479
93.3474
93.242
93.4628
92.2292
92.4469
90.4116
92.9924
91.3165
94.0912
92.6599
94.4592
94.1843
96.0698
94.5177
93.2306
92.4088
95.3801
95.3116
92.5222
90.9151
92.2284
90.9739
89.8807
90.7658
93.707
88.4443
91.0006
88.4548
90.6353
86.7422
87.4976
87.39
87.704
86.1966
86.5778
85.8747
87.5274
86.791
88.3542
88.2722
86.7234
86.9047
87.0119
86.8336
89.2172
85.0274
87.7671
85.5968
87.0746
84.549
86.4146
85.855
85.5825
84.9337
86.193
85.3997
86.9337
87.6465
87.2143
84.7785
87.0035
88.1184
87.1672
88.0115
87.5659
85.438
86.1875
83.3985
85.1426
83.578
86.6562
83.4615
86.1875
82.0369
86.7096
82.1765
84.3926
83.7589
85.6714
83.2003
84.5233
82.2861
84.7076
85.1806
86.0335
85.959
85.6759
84.8874
85.1793
82.6009
84.6005
84.0017
83.7781
84.7995
85.072
81.4248
82.6398
84.8874
85.1067
84.5017
85.5828
84.8025
86.1288
85.5127
86.8583
84.5592
85.6452
85.2252
84.2243
82.1536
81.9114
83.0255
81.3851
81.2357
82.4038
79.2115
81.1258
79.6929
82.4633
81.0354
80.7731
80.9278
80.901
82.9693
82.5002
82.0262
83.2965
82.9227
83.3719
81.847
82.7252
82.4345
83.5324
82.4276
84.4615
82.6713
82.7545
82.0499
81.4799
81.7958
82.8956
82.9399
82.3526
82.1335
82.5866
81.9868
83.1083
82.0086
83.6567
81.3984
80.5715
78.6082
78.9522
77.5331
80.0503
77.908
79.119
79.4507
78.4531
79.0307
74.0464
73.4985
75.7092
75.3931
72.607
69.2988
68.9151
69.1467
69.6631
70.1439
68.269
66.8271
67.5596
64.8868
65.9617
65.8501
66.9378
68.2022
66.2975
65.5793
63.4315
61.5402
61.5625
61.1124
59.0704
61.5998
60.339
58.7826
58.5936
58.4162
59.4847
58.5471
60.3978
60.5884
62.7973
62.2658
61.9209
62.9099
59.7515
59.656
59.2504
61.0233
59.6409
58.9365
57.8654
59.1932
59.0903
58.8284
59.9293
59.3544
59.9079
60.1167
60.5155
60.9747
59.5907
59.5061
60.022
59.8676
60.1318
61.7926
60.1035
59.7308
60.7418
61.0605
59.7332
60.3985
63.0117
63.5382
64.1052
62.7988
62.788
63.3961
63.185
63.4814
63.2645
62.6847
64.6593
65.5155
66.9648
66.4317
65.2258
64.9319
64.4278
64.615
65.0127
63.9998
64.5169
63.7707
64.4138
64.5104
63.8492
64.2589
64.221
63.9752
64.0644
65.7535
65.6098
65.6912
64.4972
64.5832
64.135
64.3717
63.7519
63.7301
63.2364
63.6938
63.1355
62.9296
62.8287
64.0517
63.5938
63.3133
63.4216
62.9101
63.2117
62.6104
62.8652
63.9414
63.3645
63.6718
63.882
64.6638
64.5251
63.3505
62.8003
63.9296
64.078
63.449
64.0899
63.4674
63.2807
63.4192
63.1057
64.8969
63.6996
64.7692
64.7911
65.3058
64.4831
64.3853
63.6642
64.3192
64.5277
63.7295
62.3708
62.772
64.3408
61.8922
62.3792
62.5132
62.914
64.9075
62.952
62.6467
62.0363
61.4533
62.2885
63.8582
63.4088
63.043
63.4715
62.9408
64.4981
64.3343
63.4395
63.6964
64.185
64.5101
64.0899
63.8176
64.5711
64.6744
63.8645
64.5689
64.5724
64.0168
64.4978
64.8399
65.8295
64.8617
65.1109
65.384
66.0065
67.279
65.9682
66.5793
66.9164
67.0106
67.5894
69.0692
68.7372
67.1597
67.6461
67.1685
67.0756
67.0832
67.3764
67.0316
66.3591
65.9672
66.4179
65.5635
66.6037
67.2029
67.994
67.6633
67.5387
67.4151
67.1925
66.9778
67.0759
67.8416
68.8721
67.3336
67.6962
69.0034
68.6178
69.0698
68.5987
69.1914
69.2982
69.0886
68.9557
70.7623
70.979
70.9561
69.1722
70.7943
71.4289
71.2615
72.2589
71.1277
70.9643
71.2582
71.5207
70.8637
70.7965
71.2645
71.9375
72.5047
73.2496
73.0164
73.2247
72.0601
72.5933
72.3971
72.0324
72.0979
72.0207
72.8762
72.7338
73.6902
75.0955
75.0564
75.0793
75.4445
75.0962
74.8152
74.9073
74.8155
75.4659
75.8434
75.8647
75.5557
75.4711
76.3226
77.1197
76.7623
76.7163
76.3891
76.3829
76.2569
75.9685
76.5184
76.2627
76.8729
77.0205
76.3526
76.3278
76.6886
76.705
77.1405
78.8459
78.4248
78.0732
78.0864
79.9823
79.4013
79.1873
78.0728
79.4834
80.1284
81.3098
81.261
83.0398
84.5754
84.5858
83.2913
82.1646
82.1798
81.4475
82.2649
83.8602
82.3159
84.7349
84.4585
84.1162
87.8034
88.6549
86.2859
87.3686
88.3477
88.4929
89.1188
88.6458
90.4443
88.8662
88.5977
88.9306
89.2509
89.6378
91.7053
92.0123
91.9829
92.8345
95.0061
94.2954
94.6212
95.3433
93.5294
93.0555
93.4965
94.3595
95.161
96.5942
94.9665
96.7802
94.4617
100.221
101.95
100.294
106.043
112.682
118.347
127.512
135.224
141.115
62.194
115.142
115.628
121.842
125.356
124.828
131.927
126.28
130.381
123.016
125.722
121.177
125.585
119.747
121.333
117.576
115.768
113.35
117.821
115.75
118.12
116.421
122.468
118.73
115.181
115.088
114.96
111.721
113.976
113.6
112.272
112.369
114.494
112.226
114.519
111.872
112.767
112.937
111.728
108.903
110.588
106.627
105.62
107.302
106.264
108.573
107.086
106.653
109.606
105.566
106.968
108.18
106.696
107.21
103.328
108.179
107.92
108.692
104.919
106.705
103.109
103.968
100.371
104.019
99.4438
100.405
99.0441
101.219
97.8178
100.785
100.161
99.1163
97.5739
98.1214
98.0112
99.5791
98.0283
97.2889
95.349
96.0195
95.4183
96.4291
93.0087
95.2316
93.4086
95.7416
92.0516
97.0482
96.9818
98.5313
95.1271
96.9922
94.6856
95.8327
94.5112
93.0741
91.3779
94.013
91.5547
92.7282
92.6724
96.1854
90.884
94.0616
91.7593
92.9168
92.1956
93.2828
92.1001
91.2923
91.1538
90.2463
89.3868
89.5313
90.978
87.6891
90.5517
91.2908
91.5797
92.5123
87.4408
91.5838
89.2481
90.8064
88.6521
91.4389
85.5421
89.0525
86.5452
87.7362
88.2016
87.2001
88.2409
87.7772
87.3987
88.9159
89.3496
89.0238
85.3042
87.9797
89.2135
88.8703
87.492
89.5478
88.1052
91.0147
86.4574
88.85
86.519
88.2308
86.1875
88.7338
87.4685
87.7861
86.5827
87.1614
87.1389
88.2898
88.3068
86.7882
86.1152
86.3399
86.8008
89.2893
87.1281
89.2042
87.1132
89.5508
86.8163
86.5741
84.8515
87.3204
84.822
86.0847
83.5719
84.5352
83.9529
83.8723
82.9345
83.0432
83.4438
83.4684
83.0207
85.2911
82.1895
84.9542
82.7154
87.4013
85.2491
86.1718
86.1642
85.9419
84.2198
85.6867
85.779
87.0493
87.2893
86.4371
86.6901
87.0644
83.6342
84.7699
82.7399
82.9362
84.0808
83.9654
80.2314
81.1631
79.623
82.5936
81.099
82.5281
82.5849
81.6929
82.6754
86.0728
82.7466
83.9298
81.1863
84.7669
83.1912
84.6216
82.4188
83.7232
83.414
84.2137
79.9803
84.0661
82.9371
82.444
79.5722
83.901
81.9289
82.7619
79.965
81.0164
80.9399
82.3757
81.7625
82.93
82.019
82.5344
80.8587
83.0397
80.212
81.3293
80.9805
82.9859
80.3207
81.4198
79.8282
80.1102
79.0657
75.4486
74.8382
75.635
75.6156
72.919
70.5497
68.6041
70.7239
71.1806
71.4732
67.7373
68.5356
68.664
68.6229
67.8313
67.0365
66.1787
62.5456
62.8609
65.0899
64.3851
64.5143
60.7364
60.4942
60.2554
59.9108
59.8909
59.6087
59.2411
60.1724
59.3628
59.3585
59.6904
58.8987
59.1741
60.7649
60.6424
61.5441
60.2532
61.4968
61.1735
61.5748
60.9499
60.6497
60.7945
61.7977
62.223
61.8273
62.537
63.0382
60.9179
60.0421
59.8539
62.151
61.8088
61.5633
61.5194
61.134
62.5439
61.8304
61.6767
63.6139
60.8544
63.0415
62.6048
64.164
64.5315
64.7705
64.3541
63.8995
65.3358
65.7522
64.9847
64.9064
65.0383
64.6059
64.5516
65.8535
66.709
65.5195
65.9187
66.414
62.9473
63.3522
63.2619
63.465
64.3624
64.177
63.8209
64.355
63.72
63.3716
64.0015
65.5329
64.6448
63.6592
63.459
62.6601
63.3516
62.8933
63.3829
62.0907
63.1977
63.2593
63.3168
62.6208
62.0767
62.2807
62.9447
62.5752
63.4209
63.4006
62.4079
62.6724
62.7448
62.6603
62.6977
62.4793
61.9808
61.9283
62.0901
61.1811
61.7448
62.1225
62.4442
62.7463
63.0629
63.4702
65.1005
63.9594
63.954
63.8338
65.516
64.1776
64.2377
63.1499
63.9639
64.3555
63.9542
64.8282
63.6858
64.0352
64.4704
66.0212
66.5207
66.7197
65.906
65.9525
65.8824
66.2466
66.038
66.3174
66.7803
66.167
65.4321
64.3444
64.3328
63.8995
64.2681
65.4827
64.5168
65.0071
65.1724
64.2818
64.2783
64.5335
63.9603
64.8224
65.554
66.0022
67.091
66.5923
66.2131
66.5544
66.9075
66.0387
66.3682
68.0095
67.4194
66.4989
67.0737
66.6562
67.169
67.4985
67.8745
67.4017
68.6359
67.497
69.2239
69.0385
68.4153
68.5439
67.7368
67.8915
68.072
67.8111
71.2768
69.8796
69.2232
69.0694
69.1588
69.344
69.4412
69.1975
68.6852
68.9017
68.1567
68.1363
68.9535
69.7694
69.6722
70.0173
68.6821
69.6363
70.1586
70.9248
71.2824
71.0866
71.7494
71.0735
71.0635
71.15
71.4849
71.6489
71.9321
71.4896
71.5184
70.4903
71.3273
71.5125
70.817
71.411
70.9464
71.6983
72.7926
72.7453
72.6119
72.4752
72.0225
72.2874
71.9756
73.005
72.8559
71.3602
71.5838
73.2318
73.0964
73.1132
74.3358
73.8099
74.9721
73.0074
73.9829
73.8025
74.5648
75.7539
75.791
76.6485
75.5545
75.72
77.3379
78.1783
78.4684
78.6968
79.0536
79.7835
79.6835
81.8621
81.6245
80.1856
79.9855
80.54
81.1145
81.0934
80.833
80.0322
81.0707
80.9827
82.9834
83.8842
84.5305
86.0503
86.4367
85.0313
84.2094
84.315
84.7695
83.0061
83.5603
84.9378
85.9788
85.8433
85.7066
84.5862
83.6428
83.7774
84.3315
84.0851
85.377
88.1992
87.3485
87.4121
88.2148
88.6848
90.3593
89.5428
90.42
90.0916
92.6625
95.9183
97.2172
100.423
104.756
107.495
107.366
109.045
111.201
62.194
115.202
115.694
122.334
126.07
124.211
133.04
124.923
129.756
121.346
126.337
122.964
124.784
119.587
121.421
119.479
116.688
110.913
118
118.286
118.015
116.941
118.733
119.903
115.729
112.667
114.207
111.478
112.673
112.77
111.824
113.305
111.389
113.608
114.397
112.46
111.802
111.632
108.565
108.469
107.328
105.687
104.444
106.161
103.927
103.642
104.38
105.326
106.227
103.46
105.303
108.262
108.193
106.864
104.915
108.42
104.139
104.659
103.422
105.2
102.401
102.562
100.441
103.99
103.136
101.751
99.3796
100.247
97.3749
95.371
98.4792
98.8172
96.4051
96.2198
96.8768
96.3315
95.129
95.2221
96.1106
94.9654
97.148
93.9574
90.2699
95.1353
92.0398
92.7005
92.3112
93.9734
95.3965
94.5545
94.6201
93.6653
94.0101
96.6942
93.8753
94.9663
93.3436
95.3684
92.5925
94.764
91.7325
94.8959
89.8118
93.9559
93.4075
93.8868
92.8414
92.1793
91.6063
94.032
91.8688
91.906
91.3286
91.0208
89.1552
88.3892
90.0065
91.0272
91.1791
91.6236
89.9715
91.5356
89.005
90.2964
87.5424
92.1633
86.4806
88.4397
86.4017
87.0028
85.642
86.6424
87.7578
89.178
86.3587
89.4555
86.0808
90.5838
88.8259
91.393
85.2982
87.2137
87.1443
88.4456
84.5264
87.1249
85.5259
86.0155
82.0631
85.4021
84.9548
85.1299
84.3487
86.1324
87.505
85.1251
83.4976
84.2159
85.7176
82.8446
83.3678
85.8615
82.5339
86.075
84.758
87.1286
84.191
85.444
82.2924
87.0717
84.8578
85.4872
84.5598
84.5962
84.0026
85.1739
82.9213
84.4596
84.5981
84.4045
85.5799
86.2587
83.6687
88.1128
83.987
87.5996
81.9754
85.5259
82.3703
84.2383
83.3822
85.7368
83.5609
84.9192
83.4911
81.9777
82.7109
86.4246
83.5949
84.6837
82.7137
86.1653
84.2301
84.3533
81.5337
87.0948
84.8505
84.1813
84.0186
84.5648
82.0845
84.116
83.1837
85.178
80.7219
83.8513
80.2893
85.3943
80.2461
85.0417
81.5711
83.1204
81.3989
83.4724
79.7416
83.2295
81.6839
81.9659
80.4112
82.8105
80.9436
81.6158
81.8328
83.7772
83.0352
81.721
80.7785
80.9974
81.8911
80.0609
80.979
81.0536
80.3883
80.6787
79.721
81.6039
81.2468
83.3837
82.3066
83.5406
82.5326
81.1794
79.7332
73.4577
71.5257
74.7632
74.1956
72.8922
69.9348
68.6478
68.5127
69.8764
70.7593
67.8794
66.9857
65.4713
63.9775
63.4114
65.0248
62.8267
62.8209
65.6828
63.4501
62.5644
63.0443
61.1111
60.2226
59.0426
58.8609
57.8734
58.3405
58.1484
56.8237
57.8803
56.594
58.3712
61.6316
60.6435
62.2392
62.6327
60.6396
60.8267
60.3224
60.1091
60.2962
60.0888
60.2824
59.4643
60.9617
60.2422
60.3565
60.2705
59.9656
59.0845
60.0376
58.2975
57.39
57.3917
55.8142
57.0248
57.1822
58.4806
56.9628
58.9296
57.6727
58.2152
60.1804
60.8403
60.1111
59.0534
59.3838
59.9898
60.3315
65.0207
63.5073
64.0119
64.6808
65.0153
63.2494
63.5452
63.4592
61.4797
62.1363
62.9605
62.7342
62.4786
62.8124
63.9218
62.7176
64.4445
64.7865
64.944
64.368
65.1102
64.7023
63.7802
65.3438
64.1245
64.1275
63.519
63.8643
64.0946
65.9017
64.5333
63.9412
63.9369
64.3969
64.4134
64.8743
65.0378
65.1441
64.6041
64.745
65.8066
64.5715
63.5235
63.6513
63.0402
63.0054
62.9872
63.403
62.903
63.3948
63.9362
63.6755
63.1428
63.1889
64.1139
62.9453
63.0013
62.9319
64.178
64.8008
64.0138
62.8529
62.3133
62.1577
62.2803
61.5127
61.9615
62.8786
63.2215
63.064
63.5841
63.1363
62.8131
63.8868
63.2517
63.678
63.8014
64.5015
64.1333
63.502
63.5387
63.4546
62.6956
63.0011
63.4743
63.2565
63.3524
64.6705
64.369
64.4254
64.6945
64.029
62.0439
63.9717
64.7217
64.6178
65.011
65.713
66.4496
65.7796
65.7749
67.4732
66.8051
68.1966
67.8027
67.9213
67.5562
67.8831
66.4659
66.8796
66.8922
67.5748
67.8494
68.4914
68.137
68.8347
68.7258
68.9322
67.7051
67.6781
67.0296
67.3066
67.6843
68.3647
68.4408
67.9026
67.2735
69.8822
70.3295
69.1212
67.8915
67.7543
69.0586
68.5326
68.2396
68.4756
69.688
69.678
69.0019
69.5158
70.1191
70.3057
70.556
70.7211
70.2027
70.4888
71.6162
70.881
72.7483
74.4082
75.6465
73.0048
73.6966
73.2755
73.4594
74.6102
73.6275
75.5318
74.7457
76.0078
75.5882
74.2759
75.8958
76.5289
76.3289
76.8626
78.1325
77.1862
76.3647
73.9427
74.1934
74.7126
74.8965
75.4685
75.0501
76.1852
76.0205
75.5421
78.6147
78.5493
78.2411
75.6035
75.8265
77.282
75.8038
75.5612
76.0586
76.868
78.2169
77.9484
77.9682
77.6124
77.8444
77.3099
77.0279
77.5343
77.6938
78.1923
79.6858
79.419
79.4304
79.8561
79.2902
79.115
78.2063
77.959
77.8937
77.3846
77.3187
77.3513
79.3872
79.7675
80.8284
80.6435
82.5575
82.0838
82.2986
81.5944
81.2226
82.7344
83.3412
84.4926
84.9404
82.6672
82.3706
83.3799
84.9633
83.7971
83.7865
84.5344
84.2292
84.0136
84.1813
86.398
84.6137
85.9907
86.6482
87.8421
89.0229
88.0527
86.2982
87.4388
90.7675
90.6554
90.5804
89.992
91.2619
89.5257
91.602
90.6459
91.9942
92.1028
91.237
91.7885
91.5819
91.5199
91.5462
94.5666
94.4389
96.1459
95.2172
97.3098
97.4127
100.338
99.5212
98.6703
101.128
62.194
115.28
115.989
122.094
126.134
124.504
133.589
124.981
129.528
122.638
126.02
121.402
120.86
118.621
120.55
115.654
118.423
111.173
117.189
117.791
120.059
116.267
119.303
119.658
114.174
115.25
113.467
113.806
109.958
112.889
106.477
112.72
113.415
112.537
112.204
113.144
114.179
112.582
111.414
110.072
111.599
107.542
106.23
105.195
104.62
105.345
106.409
106.406
105.873
102.677
106.277
108.172
106.606
104.809
108.157
107.565
105.83
109.346
106.573
105.671
104.093
103.147
102.741
102.832
102.006
100.968
99.6439
101.807
97.8593
98.6666
99.529
97.8857
99.1115
98.7137
97.2649
99.2228
97.0791
95.7275
95.6279
97.6739
94.9868
95.9777
94.4382
96.7601
95.9393
95.0966
93.8025
95.8652
93.3183
98.5946
94.9175
97.016
95.1348
94.4025
94.8647
93.5525
93.6899
94.1981
89.8107
92.6821
90.5002
92.7757
90.4966
93.2857
94.7048
97.0324
92.2131
91.0998
87.8356
91.4819
88.4516
89.755
87.4877
90.6426
92.5538
90.0601
92.2135
91.293
93.3366
89.4978
88.5987
92.7848
88.2947
90.1355
88.3421
87.6593
85.145
87.0302
85.7329
88.8362
87.0819
87.2619
87.1595
86.8915
86.0722
85.4825
87.8308
86.5657
85.8032
85.8077
87.5493
88.2076
86.107
87.8004
84.5078
86.0601
85.3617
87.073
84.4965
87.8392
85.8812
86.5962
86.0594
85.2398
88.6348
87.1848
88.9365
85.4389
85.9283
86.4926
86.2915
89.1454
88.1848
86.4079
86.0069
87.2305
84.4473
85.8466
85.6562
85.1577
84.9376
84.5281
84.7444
85.9862
85.4015
86.1832
86.4684
86.546
83.2666
84.5793
85.93
83.6778
83.8933
85.583
84.8544
86.1346
84.3384
83.7165
85.274
86.4918
85.0374
86.9611
88.2027
87.61
89.4043
87.1532
87.045
88.1042
87.3325
85.7141
85.8734
83.6193
84.8673
82.5253
81.6128
82.1673
81.8662
82.094
82.5041
83.1659
83.3649
83.0925
82.8978
83.0318
85.6653
84.3898
83.9739
84.6921
84.734
82.3931
82.5897
84.5728
84.1001
85.2472
84.0812
84.5854
84.1409
82.6662
84.3879
84.4296
84.5921
83.2474
84.3539
83.1134
83.8656
81.3174
82.2234
81.7117
81.3377
80.7803
80.5387
80.9159
79.9023
80.3997
80.1551
79.6484
80.9966
80.0908
79.0052
79.0222
79.3511
80.6418
77.8649
74.2342
74.1981
75.0696
73.4386
73.0946
69.7278
68.1253
69.0936
69.9047
68.8829
68.2347
67.2005
67.914
66.4974
65.6915
64.0249
68.0532
67.8887
64.5408
65.9844
65.8796
65.0216
61.712
62.4818
62.0181
62.0326
61.3822
61.9341
60.6085
60.0994
60.3397
61.4711
60.807
61.4265
60.0087
61.436
61.9216
60.6956
60.5879
63.0484
62.5873
60.868
60.5246
62.2377
59.4259
59.6324
60.631
61.0609
59.6646
59.2494
59.2396
58.2952
58.7541
58.3544
59.4235
58.3528
58.9589
58.9738
61.1234
61.3485
60.3866
60.852
60.8312
59.6009
59.6552
59.3213
60.5841
60.1396
61.8945
62.5506
62.2936
63.1685
62.2634
61.9516
63.1755
62.8412
63.9801
63.7515
65.6564
65.463
65.4308
65.1912
63.3016
63.7619
63.1627
62.7833
62.0531
61.9916
61.6255
61.5141
60.6188
62.2707
61.92
61.1471
61.3712
61.8302
62.1934
61.4674
61.6331
61.8421
63.0268
63.7643
63.2636
62.9527
62.756
63.4196
63.0946
63.178
62.6554
62.0996
62.4792
64.1054
63.4322
63.8574
63.9652
63.6971
63.3204
63.9531
63.3755
64.0026
63.4823
63.0936
63.5972
63.8624
64.637
64.3669
64.17
64.755
65.2777
65.7725
65.6888
65.1364
65.1472
64.1474
63.71
64.0948
63.4808
63.8181
63.4507
62.5047
62.443
62.1897
62.5765
62.4093
62.301
63.5475
62.9665
63.0689
62.2902
63.7813
62.3956
63.618
63.7463
64.04
63.4484
62.0685
61.9764
63.6817
63.7688
64.959
65.5093
66.002
65.7822
66.3959
65.4888
65.1028
65.1776
65.2601
65.3112
64.8883
64.9913
65.575
65.463
66.3621
67.3609
67.0787
66.8146
67.4963
66.9531
66.9719
66.5812
66.1095
66.6914
66.5787
66.288
68.417
68.7803
68.6685
69.2729
69.4724
70.4121
69.2107
69.9827
70.1333
70.2535
69.5128
69.7898
69.7262
70.3107
70.0454
70.6111
69.1884
70.0918
70.8455
70.6327
71.5951
71.1558
70.7303
71.6593
71.264
72.1346
72.5462
71.4041
71.7318
71.3613
70.2226
70.1366
70.6556
70.5707
70.941
71.0784
72.5776
72.3029
70.2063
69.9806
71.4138
71.7515
70.8287
69.8783
69.7442
69.6404
69.3295
69.7727
71.6251
72.1312
72.298
71.9734
72.1552
71.5819
71.78
71.0886
71.4626
71.1072
71.33
71.6547
71.1119
71.245
72.6876
72.6383
72.4254
74.3595
74.0564
73.9922
73.4244
72.6668
72.6794
71.7789
71.7347
75.4808
75.2722
75.409
75.2159
76.5272
78.247
78.2139
78.2308
76.6033
76.17
76.8634
76.6603
78.2223
77.1754
77.621
79.0318
78.4332
77.5486
77.6333
77.9345
78.2295
79.3933
78.8455
79.3213
78.9456
80.1297
79.6638
80.5998
80.6515
81.9144
81.7396
82.9672
83.162
82.6052
82.1003
81.8885
83.6493
83.0117
83.1582
85.6132
87.4613
87.3014
84.9702
85.242
85.7924
83.6649
82.8649
82.2182
83.8362
82.9966
85.7217
87.7157
86.7708
86.5585
86.4646
85.8792
88.3758
87.0553
87.9468
89.0562
89.4695
90.336
88.9086
90.7211
90.7027
90.7288
89.8721
90.2038
88.9067
89.0313
89.9399
92.3016
92.0825
91.9386
93.7776
92.1614
92.6824
93.0421
93.1104
95.0871
96.5763
97.2278
97.882
99.2318
98.7251
98.8675
98.7852
98.7107
101.64
101.919
108.747
111.359
110.956
115.971
123.875
124.727
130.069
135.858
138.914
62.194
115.175
115.831
121.959
125.091
124.799
131.644
123.703
129.484
122.461
126.34
120.955
123.316
118.753
122.72
117.212
116.517
111.137
118.514
114.526
118.807
118.015
121.602
120.078
116.402
114.513
111.335
110.284
111.544
111.525
111.922
110.338
111.934
111.454
112.343
111.444
109.937
110.393
110.544
107.68
107.015
106.176
104.592
102.142
105.527
103.467
105.872
108.376
107.759
105.852
107.516
106.838
106.796
107.47
106.574
106.847
109.233
106.789
106.013
107.281
100.258
102.896
98.2096
101.97
99.1119
101.305
97.5268
101.411
96.7407
97.2316
96.6044
97.1225
96.3982
95.8273
99.5663
98.8887
96.838
96.666
97.0979
97.8371
96.6997
95.1188
95.5633
97.519
93.7977
95.317
93.4847
95.4782
94.6469
97.288
94.8055
95.9276
95.6996
96.2615
94.9568
94.9628
94.0084
94.1206
93.2074
95.3984
92.059
95.7835
91.5337
95.2252
91.5063
92.4153
90.0138
92.3481
93.3474
87.4365
92.6011
87.3576
89.7092
88.5666
88.476
90.9131
90.7928
89.8678
90.0082
91.5378
91.3745
90.8997
90.5432
90.9388
90.7859
91.3589
87.4458
90.4492
87.116
89.2759
88.0115
88.946
87.9362
88.5173
85.7744
86.8213
88.072
85.4844
88.0328
86.8844
88.8367
86.2312
86.8494
88.4177
85.6152
88.4754
85.3779
88.8397
86.4996
86.0203
84.9261
87.312
86.47
86.2915
87.027
86.6653
86.0523
87.6532
86.2118
87.6562
86.4166
87.7889
86.2007
87.7614
87.9652
88.6837
84.96
89.5601
86.3204
87.4818
85.0754
88.922
87.6848
89.0676
86.6474
88.5197
85.6054
87.2785
87.3152
88.4922
86.866
87.9324
86.2902
86.7133
86.7007
88.0393
86.0508
86.796
86.3057
86.5977
85.8403
85.4427
86.709
87.4689
87.7509
85.3624
87.2217
84.8652
84.6906
85.1491
82.006
83.7558
82.1132
81.5832
82.2528
80.7038
82.8846
82.7757
79.5279
84.9242
82.4723
84.8971
82.944
84.5843
82.8286
85.7087
84.548
86.0499
84.6409
84.9661
84.6675
86.4797
83.5739
86.0318
84.9241
85.7744
84.869
85.5793
84.8596
84.1467
82.0888
84.7157
84.9873
83.2416
82.6245
80.9525
83.7094
83.7623
82.2383
81.1644
81.793
80.2539
81.7372
80.1737
81.1039
80.271
81.0343
80.4702
82.2522
81.9345
82.4533
82.3206
80.5517
74.5532
73.8987
76.0385
74.5748
72.3057
71.9038
69.3561
70.7258
69.9989
69.7682
67.9159
65.084
68.1405
67.1154
66.1126
66.07
67.2843
67.5432
66.6286
67.5596
64.3131
63.5929
61.3542
61.167
61.8773
61.6616
60.9453
60.8959
61.7911
60.0043
61.0249
60.6925
61.5961
61.4324
61.0441
59.5318
59.6804
59.5281
59.0369
60.0197
60.4146
60.8518
61.1981
60.5558
60.7027
60.8196
63.6109
63.201
61.7413
63.264
61.7355
60.5089
60.9713
60.3105
60.6082
60.3384
60.0715
62.3652
61.4754
61.0322
60.7762
61.4959
61.1761
62.3864
62.4436
62.9077
62.5782
63.7435
63.7511
63.4907
63.045
63.9101
64.9788
63.8477
65.0655
66.6627
66.6629
66.4056
63.3691
65.3124
65.7867
66.0849
63.1638
64.1217
62.9778
62.4257
63.0424
62.4751
62.6108
63.3632
64.2975
64.1515
64.8814
64.5024
65.2466
65.0698
64.1558
65.3174
65.3485
65.5097
65.0058
64.6705
65.4079
65.6997
66.0782
66.4784
65.8611
64.6951
64.7048
64.5119
64.0115
63.0683
63.1082
63.7506
63.1499
63.2509
62.8959
63.0607
63.5296
63.8619
64.1413
62.9968
62.3293
62.8716
63.0962
62.4252
62.7143
62.7267
62.4378
61.9684
62.9146
63.8073
63.7506
64.1625
63.5343
62.9432
63.5696
63.3541
61.5356
62.2115
62.8704
64.6165
64.5545
63.1653
63.0921
63.1013
63.2165
64.3801
63.9767
63.957
63.3656
63.5707
63.2679
62.7805
63.4181
63.9706
64.0155
65.086
65.4038
65.6547
65.0789
65.3891
66.0841
67.8071
67.5063
67.7459
68.3967
68.3297
68.6136
68.3757
68.5473
67.9019
68.6579
68.1238
67.9723
69.5013
68.5566
68.0032
67.8403
68.0369
68.0741
66.452
67.0285
66.7602
66.3155
66.6951
66.5099
66.7494
66.3952
66.4985
66.2668
66.8587
65.8341
66.5404
67.7444
67.2695
66.1768
65.2444
64.9039
66.0181
66.2952
65.4136
66.543
66.8574
67.3697
69.2232
68.876
69.0767
67.9857
67.6806
68.2673
68.296
68.5637
69.1305
69.0173
69.5056
69.9315
69.5097
69.8377
70.5754
70.4542
70.6126
70.463
69.6709
69.7169
69.4287
68.9849
69.881
70.4499
70.7742
70.7429
71.3505
71.6757
73.2081
72.5612
73.1443
72.6396
73.3691
73.9246
74.0128
73.2115
73.3691
73.2422
74.2965
75.3392
74.997
75.0568
76.1372
76.8101
77.0884
77.2534
77.3515
77.449
77.4691
78.5707
78.8766
79.9911
80.823
80.0499
80.1195
80.6083
80.0214
80.5169
79.2014
80.3319
79.6476
80.3965
80.0957
80.0946
80.9369
80.572
79.7491
79.8299
79.6839
80.304
82.395
82.1904
81.0979
80.4661
81.7053
80.7282
80.6055
80.8377
80.0318
81.4648
80.5795
80.0491
79.8295
79.8904
81.7897
83.2249
82.369
83.6314
83.1837
81.764
81.9281
81.8483
82.2684
82.707
83.1175
83.9926
84.6858
84.5635
84.8252
85.2265
85.8985
86.5949
87.4002
86.5897
86.532
87.244
87.3528
87.5287
88.4844
89.1428
89.9319
91.2293
92.2547
94.5028
97.1372
97.7184
99.0395
102.251
103.163
104.064
99.0261
100.442
62.194
115.079
115.883
122.551
125.52
124.251
132.092
124.766
127.727
122.418
125.426
120.37
123.921
119.018
123.04
117.332
115.806
112.334
116.82
116.785
121.418
118.847
122.156
119.69
116.95
115.786
113.685
114.281
113.136
112.955
108.164
112.552
113.131
112.528
112.206
114.164
111.205
112.933
110.066
113.386
109.974
106.988
105.982
111.293
104.066
103.588
106.296
110.102
108.877
106.16
105.637
105.84
105.816
101.354
106.571
106.855
106.732
108.654
102.528
106.025
99.8561
100.923
98.5901
103.234
99.0741
99.7314
98.1936
103.347
99.2481
100.709
98.7243
100.461
98.1536
98.3796
97.2036
97.9384
96.0367
95.2178
95.6571
96.4888
95.1597
92.9531
93.6344
96.9728
93.0145
93.4052
93.5959
98.0583
94.1567
93.3503
94.393
98.7904
93.1437
95.1078
94.1785
93.9993
92.4025
95.4527
91.143
96.9155
92.1109
94.498
89.4321
94.8857
89.0478
90.4801
90.051
92.2118
92.046
90.7744
87.9496
91.1041
92.3864
90.9618
89.7852
90.6329
89.4535
92.5778
91.427
90.7835
91.6763
89.6672
85.6407
88.6556
87.006
87.7891
85.6342
87.7461
87.1424
86.9095
85.5194
86.3783
84.731
86.465
84.1225
86.9888
85.7303
87.0637
84.9635
86.4548
84.8025
84.8835
85.4101
83.8101
83.5968
84.9062
84.3496
88.266
84.8444
88.7682
88.0638
89.9892
84.0998
86.2548
87.1418
84.6627
84.9523
88.1158
86.6867
87.5022
85.2787
88.2444
86.8978
87.116
87.877
86.9123
85.6042
85.4557
85.667
86.315
86.5475
85.9097
86.9227
85.1232
85.8377
84.0733
85.5168
86.22
85.7567
87.2424
83.6821
86.7651
85.6281
84.3634
85.6754
84.8209
84.0908
85.1675
83.8304
84.6696
86.1633
85.6458
85.5004
85.89
86.3619
85.5382
86.5322
85.5985
84.6759
84.575
83.8662
86.2353
84.7749
85.4808
81.9138
84.7982
83.0045
83.2807
81.5668
82.3993
84.46
82.4522
83.0907
85.9371
81.9609
81.908
82.9298
82.895
83.4328
79.9721
83.1258
82.2498
82.9613
79.9181
80.1478
81.766
81.7312
81.9644
82.6484
82.2856
80.9572
79.4758
79.0119
80.508
81.2418
79.2712
81.1132
81.7105
81.1076
80.245
80.0735
80.9808
79.0251
80.0445
78.5106
81.2009
81.3788
80.1904
78.0728
80.5082
81.1629
80.9795
78.1141
72.642
74.7122
75.1517
73.1284
72.3031
69.2455
68.4903
70.2036
70.2403
69.637
67.4339
67.6673
69.7494
69.8706
67.5988
67.3492
66.4019
66.7381
66.0207
65.9965
63.9845
64.3643
60.8079
62.1854
60.8723
61.6279
61.1843
62.2548
61.3649
58.9462
61.2264
60.3436
60.6793
60.8366
60.7697
59.9272
61.067
60.8181
60.4788
60.9226
61.5633
61.8926
61.6137
61.455
60.8758
63.3271
59.8837
61.6283
61.4092
60.2606
60.8671
61.9313
61.7731
61.9376
61.5555
60.9276
61.0763
59.7364
61.119
60.7135
59.7161
60.4341
59.8883
59.0415
60.7522
60.1227
59.5138
62.334
61.9602
63.0313
63.4888
64.0797
65.9711
65.9998
67.4051
66.9522
67.0262
65.7723
66.5272
63.9071
62.8192
62.3293
62.115
62.0774
64.2319
64.0419
63.4099
62.6688
62.8183
62.6508
62.6288
63.0195
63.4311
62.9989
63.0797
64.0497
64.4981
64.3591
64.5964
63.6876
65.0175
64.0821
62.9531
63.2727
63.5268
62.6819
62.9536
61.8408
63.486
63.258
64.1471
64.0616
63.8639
64.022
63.4609
63.4814
63.8235
64.3338
64.6653
64.126
64.1577
64.5586
63.9777
64.65
64.6958
64.4034
65.4734
64.5262
63.3453
63.8375
63.5141
63.1731
64.1229
65.4075
64.8308
65.0302
65.5426
65.1821
64.1955
64.9322
64.6506
64.5359
65.1201
65.4525
66.3518
65.9523
65.7238
65.9717
65.8392
65.4726
65.6238
66.5966
66.5214
66.5004
67.3152
66.9393
67.7377
67.9293
67.9276
69.0767
68.5652
69.1437
68.9077
68.022
68.4164
68.8954
69.1889
70.3148
71.3891
69.7446
68.352
68.4093
68.6951
68.4641
68.4687
68.9935
70.7826
71.5851
72.2189
72.4773
71.2171
71.2254
71.7759
71.5823
73.1893
72.1809
72.5199
70.7169
71.4365
71.2591
71.3077
71.417
70.7928
70.4832
72.0555
72.4661
72.7586
74.1448
73.5177
73.7459
71.6411
73.0032
72.6973
71.9438
71.3775
71.7779
73.0739
73.427
73.75
73.1603
72.9523
73.2117
73.4077
72.8608
72.5432
72.2707
72.5562
72.32
72.7816
72.3016
72.0108
71.3045
71.3712
72.2131
73.675
73.1763
73.8615
74.0002
74.1707
74.901
74.7038
75.9879
76.0691
75.2113
76.2234
76.1283
74.8952
74.8315
74.6629
74.2288
73.3347
72.8863
73.5875
73.3757
72.5942
74.7022
73.2591
74.4237
75.4239
75.865
75.3196
75.2195
78.4663
78.2612
77.8302
77.8861
76.9628
76.1405
75.4732
76.167
75.8135
76.6538
76.8189
76.5862
76.6262
77.1981
76.7184
76.7552
77.3157
77.4905
78.5899
78.9756
79.1525
79.3505
79.892
80.121
81.1876
81.0307
80.6346
79.9546
80.9793
82.1495
81.2368
81.5702
82.893
83.2018
82.4071
82.7025
82.0678
83.3825
82.8263
83.0339
82.981
84.2902
85.8939
85.2414
86.2692
86.4853
86.0437
86.0875
86.1567
86.7498
87.6988
86.3109
85.7952
85.8025
87.1973
86.6642
88.3885
90.6117
90.4233
91.3299
89.6832
90.4442
91.4652
92.3792
91.0242
89.8187
90.6512
91.8125
90.9274
90.6262
90.2684
91.4121
91.0827
90.1167
92.8714
94.0393
93.151
95.2803
94.9615
94.6662
96.8148
97.6705
100.885
103.201
102.008
62.194
115.063
115.737
122.499
124.316
123.973
132.438
125.027
130.337
123.956
127.344
121.04
123.332
119.238
122.955
116.625
115.452
111.788
116.176
117.92
117.897
115.529
121.686
118.139
115.573
113.731
112.889
110.266
111.324
110.52
112.252
112.177
112.263
110.047
113.625
115.225
111.824
110.721
109.834
110.146
107.49
102.771
105.277
104.779
104.458
101.396
103.442
107.061
105.714
105.91
105.527
106.304
106.557
106.779
105.914
107.763
107.422
107.287
103.874
105.849
104.872
104.541
104.036
102.317
102.955
101.413
102.374
98.4765
98.8511
97.2604
97.4209
95.2474
97.5121
95.8961
94.8304
98.5326
95.8245
96.4183
95.0934
95.2712
95.369
94.4594
92.7978
94.4127
92.615
93.3535
90.0692
96.0285
94.3278
97.5385
94.1376
97.7897
93.3734
96.7103
93.2662
96.6309
93.006
93.2831
92.4214
93.2772
91.7485
92.9188
88.6525
94.6694
88.6614
94.3658
89.1525
92.8017
93.8012
92.8157
90.7025
91.2154
91.7573
87.2779
90.8984
87.3295
89.7355
91.4886
89.2385
89.3211
85.7468
89.7064
88.334
87.9105
86.0763
86.462
85.4916
86.2288
85.3133
86.1703
85.2468
88.0212
86.6703
87.0713
83.5638
84.9455
84.8116
88.5683
84.9077
87.4311
85.1299
87.1281
84.8498
86.0588
85.2939
85.4335
86.8449
87.594
85.6927
85.6688
87.2211
87.0845
85.6264
86.8373
85.3704
87.1292
83.8217
85.7219
84.1461
84.5138
83.2377
84.2351
81.9752
83.6958
80.9596
84.1203
81.9792
86.2919
84.6582
83.7096
84.2094
85.9415
84.2783
86.1847
85.0728
87.3243
85.5313
87.4859
84.3451
86.1822
83.2837
85.3444
81.7414
85.2171
83.4026
87.0123
83.7053
86.498
84.6325
85.7386
84.7547
85.3686
84.1249
84.6642
86.0568
88.3477
86.1536
87.9713
85.1197
85.6122
84.0804
86.806
85.2794
83.5759
81.8165
82.6914
81.4695
81.6111
82.0685
80.7669
82.1128
82.5646
81.1171
81.798
79.858
84.0579
80.3706
81.137
81.3209
81.2312
80.1465
81.6984
79.2971
81.2941
80.5955
81.0125
83.7033
84.3773
82.3042
82.5249
83.8295
83.0235
82.5646
81.5067
83.3327
82.2059
82.1018
82.2776
81.7076
80.5549
79.6143
82.5318
81.0795
80.6752
79.626
81.6128
80.7839
81.0715
81.1521
79.6716
79.5242
79.4363
77.1878
73.4769
73.0508
76.395
73.6459
72.8168
71.2299
69.236
69.5611
70.9348
70.3559
68.1841
68.0216
66.9194
66.8999
64.7813
64.39
64.1623
69.1316
66.6902
67.6214
66.2614
64.1206
60.7306
60.1662
58.8304
59.3717
59.9628
58.5791
59.7124
58.0873
59.226
60.2357
60.8384
62.6499
63.8948
62.7563
61.2228
60.8758
58.9209
59.8421
60.6275
59.3103
59.634
57.7169
58.949
58.0737
57.9401
58.3952
58.5558
58.7217
58.4291
59.1869
59.8364
61.2362
60.7641
60.6119
59.627
60.2534
59.2051
61.5609
61.4062
60.9153
61.3868
60.742
61.4309
60.0845
61.6934
61.2703
62.9553
62.4907
61.7258
64.0093
63.68
63.5169
63.1024
64.2511
63.3803
63.3488
62.8554
63.6592
64.0244
64.3319
65.2597
64.8112
64.6424
65.9961
65.3967
64.785
64.7137
64.7692
63.7118
63.0789
63.4335
63.565
63.0689
63.9002
63.6216
63.0897
62.6279
62.1947
62.1301
60.6727
60.8159
61.513
61.0879
61.5199
61.9462
62.4257
62.185
61.8864
60.946
60.9819
62.438
61.6022
62.8541
62.4637
62.1882
60.6193
62.7584
62.8248
63.0975
64.5298
63.0039
63.7141
62.7074
63.3299
62.5832
63.2079
63.5653
63.5233
63.6973
63.8773
63.7141
63.123
63.6437
63.2571
63.0646
63.5127
63.0225
62.5233
63.0564
63.7295
62.9667
63.6344
64.7195
63.8025
65.8926
64.3751
64.7379
64.3112
65.6582
66.1329
65.6953
66.0979
65.5741
66.1454
66.0322
66.1346
66.0112
67.4049
67.193
67.3598
68.3917
68.4706
68.516
68.4062
69.2993
69.5324
69.0283
69.3732
68.4255
68.4045
67.6128
67.5497
67.1986
67.0428
66.0691
65.207
66.3602
66.1329
65.7937
65.1057
65.0478
65.8254
65.8706
66.1147
65.6132
64.2753
66.1666
65.2772
65.8628
67.207
66.5026
66.6778
67.5579
67.5998
69.2662
70.2573
68.7917
68.7496
70.185
69.8786
69.8323
69.4853
69.5897
71.2453
70.2135
69.4315
71.4581
71.7163
71.7072
70.868
71.6461
71.4125
72.3796
71.392
71.8204
73.6612
73.4002
73.8831
72.0771
72.8935
72.9285
72.7956
73.6664
74.04
74.5918
73.7364
74.1055
74.4231
75.9903
75.804
76.0447
74.3416
75.4596
74.9953
73.688
73.7491
73.1022
73.694
73.6687
72.306
73.2042
73.3928
73.8313
73.5706
72.2137
72.5423
73.4378
73.1923
73.629
74.5004
75.0758
75.476
75.1547
74.4585
73.9397
74.4384
75.4304
76.1106
75.6249
75.0132
77.1573
77.2059
76.7061
75.9948
75.8695
75.0395
75.7731
76.2681
73.7005
73.957
74.8764
74.6076
74.3034
75.5261
77.9656
77.9849
77.5223
77.2571
79.1009
80.4669
81.36
82.4194
83.2295
83.6484
83.9185
84.772
84.4239
83.5194
84.7731
84.5983
84.8732
85.0825
84.6441
88.193
88.0735
62.194
115.036
115.749
121.992
124.898
124.662
131.577
124.081
129.519
123.13
124.897
121.849
123.353
118.529
120.588
117.95
115.988
111.745
115.002
116.988
120.464
117.093
120.364
118.209
114.257
115.016
110.953
109.937
110.631
111.967
112.263
112.272
110.495
109.961
110.828
112.212
112.295
111.507
109.342
110.504
110.287
105.263
103.063
103.819
103.571
100.581
106.106
107.111
108.339
106.398
104.512
107.468
108.926
105.852
107.158
107.811
106.443
106.987
103.389
105.487
105.362
101.996
100.877
104.692
98.5555
98.8896
101.357
102.676
97.9721
98.8595
98.709
99.1863
98.8194
94.6746
96.1409
97.0966
97.5495
93.6757
93.1921
98.1901
96.8734
92.2816
92.5774
97.379
96.1366
93.8001
95.1968
98.0034
94.7491
93.7558
92.2878
95.3299
95.6597
94.1629
92.1727
94.3531
90.5527
93.2835
90.4613
95.4739
90.5985
93.6093
90.4263
96.6668
93.3874
93.2874
89.5692
91.6273
91.0499
89.9028
89.5953
92.7063
90.6819
92.3762
93.4335
93.7736
90.6143
92.7506
91.7303
92.355
89.1035
89.5313
88.4546
89.3511
85.5778
87.6832
87.2219
87.5074
87.0674
90.4721
86.1612
89.5406
86.3783
88.0512
87.6028
88.0132
88.1735
85.6342
84.8125
87.5581
88.0017
88.2161
85.9479
89.8243
84.8574
88.825
87.4756
88.4535
87.0759
88.2165
87.9218
88.7435
87.4471
87.3118
84.1614
87.9793
86.3003
87.365
84.6593
87.6353
84.4786
85.9522
85.1186
87.2215
83.2962
84.3278
82.6921
85.145
83.4188
83.8505
81.1495
87.4639
81.8332
82.7662
81.8507
85.1586
83.8475
84.6588
83.1716
85.9778
82.9483
84.481
84.7323
86.2461
83.3991
83.5847
83.5315
87.1253
82.8974
85.419
84.8582
87.8239
83.871
86.7621
85.2878
84.1294
83.752
82.955
83.3168
85.3993
81.5795
83.9536
84.0201
85.4535
81.761
86.8267
82.4671
84.2232
80.9769
83.3112
82.0929
83.2666
81.366
82.0663
80.7217
83.3909
80.2774
83.6327
82.3864
85.0382
82.3546
85.7991
82.7385
85.2865
82.4663
84.3215
83.5491
83.8838
82.7889
84.4734
82.7269
84.7978
81.3077
81.4514
81.6593
81.2079
82.1065
83.6551
78.9968
82.9678
79.5871
80.8453
79.6906
81.6562
79.7984
81.9265
80.3755
79.8786
80.5095
81.7377
78.9829
78.9708
77.3006
75.6491
72.3144
71.9194
71.5067
70.3004
69.7018
68.5594
70.2185
70.7046
67.7245
67.5141
67.8127
68.6013
67.1757
65.6625
65.549
64.584
63.8332
63.5073
66.1845
64.8142
62.4488
61.1234
59.4012
60.8613
59.9821
58.9615
59.8883
61.5547
60.4801
60.0668
61.0056
61.2859
59.7338
60.2126
60.279
60.5253
60.7636
61.2891
60.9373
60.4831
61.1465
61.0828
59.9429
60.4671
59.3717
59.8042
59.7446
59.7373
59.9564
60.0127
59.2846
61.6234
61.212
61.7965
60.8675
61.492
62.2083
62.1809
62.1489
63.9691
61.9041
61.5179
63.1405
63.2653
63.6971
63.6111
62.9166
63.4501
64.8777
64.5182
65.5387
65.3647
65.7249
66.8006
66.7761
66.4254
67.6752
67.2137
66.9838
66.4803
66.6893
67.3649
67.572
67.5598
66.0787
65.6942
64.6221
64.6668
64.2919
65.0692
64.6618
64.2064
65.4129
64.2357
65.4391
64.9479
66.6108
65.8029
66.4192
66.5923
66.5493
66.4507
65.8567
65.9449
65.8057
65.3984
65.2857
64.693
65.1713
65.4605
65.7025
66.2748
65.8684
66.5141
66.0447
67.1296
66.4566
66.2904
66.8161
66.9814
65.4402
65.419
65.4436
65.2962
65.0745
64.2377
64.8593
64.4445
64.1515
64.1778
64.0073
64.002
63.2887
63.0851
63.0605
62.285
62.79
63.9834
63.2627
64.8505
66.0504
66.5194
68.0203
65.3965
66.3021
66.0531
64.1915
63.9525
64.2167
64.2375
64.4408
65.6366
64.7828
64.584
65.5417
65.2995
65.3492
64.9306
66.0127
65.6147
65.2805
65.758
66.3636
66.0272
65.9587
65.5331
66.7621
66.4905
65.7962
66.6774
65.8725
66.67
66.1005
66.3386
67.5141
67.194
68.0331
67.5125
66.9678
67.4023
67.9375
68.4348
68.2787
68.2271
68.0914
68.584
68.334
67.5916
69.3386
68.5769
69.1176
69.9762
70.1899
71.841
71.5771
71.9311
72.8604
73.2844
72.5813
72.8764
72.4028
71.4296
71.8861
71.992
71.5354
71.8725
72.1822
72.5199
71.7055
70.6966
71.4775
72.5382
73.2347
73.8851
72.2891
72.4073
73.17
72.3658
73.1956
72.2254
73.4242
74.5039
75.2766
75.2009
75.5086
74.8797
75.2157
74.4868
76.7022
75.7277
75.785
76.2727
76.1405
76.8222
77.0622
76.5566
76.3864
76.9598
76.2843
77.6083
77.1247
76.6942
77.4896
75.9067
75.7426
75.8127
76.6651
76.4728
77.333
76.5272
77.9574
78.1303
78.1571
78.9056
80.1915
79.8219
79.9957
80.1245
79.8077
79.1534
79.0084
80.0147
81.0549
81.2012
81.2176
80.3181
79.9788
79.9218
80.9756
82.1616
81.8246
82.2597
81.592
83.4981
83.8801
83.0102
82.7083
82.6484
81.6534
82.8336
83.0821
81.0959
81.2733
81.2926
81.5417
81.2318
82.3029
82.0923
82.4911
84.8418
85.1387
86.1415
86.2634
85.8271
86.2029
86.7208
86.7327
85.2993
88.6059
89.9419
89.5337
89.5106
89.1026
91.597
91.9235
92.4991
93.6774
90.7234
91.9138
91.6662
91.8388
94.4819
94.6584
95.3669
96.9466
100.008
100.556
104.748
112.879
113.153
117.214
120.207
116.621
116.963
117.122
117.88
62.194
115.395
115.649
122.346
124.895
124.965
133.402
125.203
129.111
122.325
124.848
122.05
125.52
119.041
121.292
116.636
117.681
111.574
116.747
117.398
118.837
115.09
119.804
117.134
117.217
114.728
114.532
110.514
114.62
113.455
112.833
112.467
113.916
112.719
115.347
112.358
112.82
110.653
110.755
108.741
109.846
109.973
108.676
106.25
104.004
103.621
103.63
108.55
108.799
107.257
108.57
108.804
108.441
104.755
107.269
108.688
107.765
106.923
108.836
106.464
104.099
101.838
104.23
101.5
99.9598
101.857
99.5754
102.893
97.7379
97.3198
100.008
100.021
100.143
96.9369
99.2816
97.6929
99.1703
96.1888
96.0302
97.6242
95.7582
94.3161
94.6521
96.8596
95.298
96.1986
96.2947
95.8827
97.0657
95.7699
93.6592
96.5897
95.29
95.1727
95.1912
93.5119
92.9611
93.5229
92.5477
96.0994
93.1214
99.2911
92.1296
97.1519
89.8172
93.3392
93.6437
89.323
91.201
91.1216
88.0562
85.2818
87.516
86.4056
89.4306
89.5834
88.0087
89.9583
90.7202
91.3174
89.5303
89.9901
90.3008
89.4883
90.1024
90.5771
88.8622
90.1281
88.6629
88.2934
86.7016
88.6688
85.6793
86.4455
86.4205
85.6742
83.5679
86.0011
85.8414
85.0953
84.2714
86.2027
84.0802
86.1683
85.788
87.5739
84.4283
89.3602
84.3552
86.6003
83.9473
85.0222
84.9574
86.1668
83.4671
84.9913
84.5179
88.7215
85.0112
84.8367
85.1966
88.7238
84.6465
85.968
85.3857
88.8431
84.9019
87.9402
85.8874
87.322
83.5099
86.2506
83.0843
84.6633
83.9961
86.0676
83.5283
87.4311
83.6964
84.6813
82.6917
85.7319
84.955
84.1465
84.6458
83.205
83.5441
84.7857
85.1497
87.4957
84.0637
84.7848
84.3131
86.6895
82.4497
87.2416
84.0702
86.2582
83.7102
84.7308
83.6701
85.3704
81.5415
82.9633
82.6988
83.0761
79.9721
82.736
80.011
83.9121
78.7286
82.5877
79.8803
81.8954
80.0134
81.3347
79.8025
82.6203
82.1666
83.4108
80.7729
85.8289
81.9859
85.1729
82.5054
81.5013
80.1655
82.8831
80.2118
81.5549
80.5895
81.6286
81.1
82.1404
79.6638
82.7684
81.7608
81.3771
80.6206
81.4663
79.4974
82.1478
81.0988
80.6076
80.1688
80.2031
80.5158
80.1085
80.1741
80.7405
79.7115
79.9639
78.9829
73.6746
73.7239
75.0672
72.8747
70.7267
68.4201
68.0011
70.4421
68.5836
66.9142
66.3092
67.6854
68.226
66.2578
66.7656
65.0097
66.2954
66.1567
65.014
66.5484
66.1912
62.4378
61.9637
60.5182
62.1716
62.4015
62.0678
60.4067
61.2591
59.903
57.2975
58.8507
58.8891
58.4736
60.2807
59.6688
59.678
59.8918
62.0136
61.4931
61.9937
62.9298
60.1672
61.1013
62.0486
61.1445
61.3034
61.4159
60.0933
58.9942
60.5084
61.0612
61.2599
62.057
61.5367
60.2139
61.0344
61.5045
62.5759
61.8598
62.2548
62.6597
62.4899
61.6085
62.5592
61.9402
61.8641
62.5443
62.3876
63.5283
63.3232
64.5914
63.6638
62.8727
62.9363
62.9032
63.3379
65.0119
64.6781
63.9041
63.3407
63.4723
63.7636
62.412
63.3153
63.6314
63.5996
64.7774
63.7645
62.8959
61.9494
62.1927
62.6681
61.9695
61.4652
62.487
63.1283
62.6815
63.7466
65.6942
65.3071
65.4047
64.6055
62.9784
63.2582
63.6638
62.661
63.3474
63.1519
63.1346
63.4626
64.0972
64.7599
64.5592
64.406
64.3388
65.5586
65.7079
64.2498
64.5195
63.9173
64.565
64.0758
63.4974
65.0588
65.005
64.5696
65.672
65.5026
66.2757
64.6837
65.089
65.8956
67.0091
65.9155
65.9646
65.6428
65.2889
65.2556
64.8656
64.2357
64.1683
64.4955
64.3656
63.1811
63.3152
64.339
63.7805
65.5823
66.0393
66.5197
66.1042
65.9118
65.0335
65.9108
65.0119
64.7714
64.5992
65.3894
65.9529
65.1203
66.3068
64.6035
65.371
65.4133
65.6633
65.6443
66.3362
66.5141
66.11
65.4633
66.2239
65.9382
65.2025
66.6489
65.936
67.0558
66.5467
66.4881
66.4304
67.081
66.4274
65.5784
65.6956
66.7748
66.3362
66.4697
66.4066
67.3405
67.223
67.9983
66.9929
67.0112
66.6359
67.5886
67.777
67.9572
67.0195
67.7094
67.0845
67.0828
67.4901
67.5557
67.0421
67.6573
68.0996
70.2345
69.0741
69.938
69.9568
70.2776
70.35
70.2675
70.6482
71.4911
70.2924
69.3101
70.5702
71.4404
71.4101
70.4708
71.2422
70.9719
71.963
70.6713
69.8267
70.7344
70.5465
71.1809
72.3353
71.7407
71.666
71.6679
70.9028
72.9741
72.1162
72.5912
71.6902
71.2139
71.0763
70.5761
71.1854
71.9017
73.3096
73.2947
71.2774
71.8946
72.0743
71.4144
71.051
71.621
73.0235
73.2532
72.6809
71.7614
72.5773
72.1191
73.5121
73.0503
72.7731
73.2351
72.5454
74.4218
73.5732
73.3574
73.0666
72.3449
72.9348
71.9857
71.7396
73.0525
73.8583
74.7323
74.5735
74.6729
74.4205
75.258
75.4892
76.0149
76.4363
77.0746
76.2264
75.8602
77.04
78.6979
78.8853
81.3766
81.7494
80.2828
83.5181
83.9203
84.2653
83.1606
82.8405
81.4603
82.5652
82.4226
84.0155
83.8462
85.0761
85.8652
86.2381
84.3842
84.5879
85.4752
86.9276
85.5462
85.2494
85.7213
84.8658
84.8273
84.5087
85.7824
85.9281
85.7822
87.4211
90.0923
88.6696
90.0754
91.7744
94.1201
90.1197
91.9244
95.6714
96.736
106.81
111.597
